-0.000968919594614,0.00839066197025,0.000135715357316,0.00324033749535,1.41671946395,0.745947747358,1.38472680294,0.00247107876295,-0.00166904665035,0.0492303592979#9#2#a9_s2_e2
0.00037957241026,-0.011782737431,-0.00487897558479,0.0270048913643,1.37854405013,1.05067176902,1.32032160298,0.000518550953695,0.0056789866957,0.103865302361#9#2#a9_s2_e3
-0.000284882515698,0.000709678637434,0.00840675880122,-0.00281526354301,1.20826900513,0.704431832926,1.64495703959,-0.000616985116391,-0.00805216996728,0.0559203181214#9#2#a9_s2_e1
-0.00240165668049,0.00468130248501,-0.00952513640346,-0.0277437020671,1.53588202326,0.808685455353,1.25901645578,0.00029933448728,0.0218692487245,0.12765453077#18#9#a18_s9_e2
-0.000410272519177,-2.75595048277e-05,0.00781451804464,0.00463399278938,1.19960783222,0.623858369555,1.16153189285,0.00424782785196,0.0357417015423,0.060184480078#18#9#a18_s9_e3
0.000816339656801,-8.1213613511e-05,0.00164194297926,0.00951540247748,1.43563999895,0.737928503741,1.55474941592,0.00978449387046,0.0280213415028,0.0131925435925#7#7#a7_s7_e2
0.00270057005393,-0.00188077987096,-0.00183311960424,0.00289529304007,1.515955043,0.859804502708,1.82464321806,-0.000116149141567,0.0129210243697,0.0127696066117#7#7#a7_s7_e1
-0.000411540543362,-0.00269317751077,-0.00216543547739,0.0142242362202,1.30796197177,1.63941728746,1.42595273405,0.00208672573222,0.00376061643549,0.0442354776349#3#10#a3_s10_e2
0.000210029415695,-0.000404124892051,0.0025815734208,0.0186259143439,1.36217772215,1.21486255451,1.42483550894,0.000167436909693,0.000704689093511,0.064201045478#3#10#a3_s10_e3
0.0005610301142,-0.00428897366281,0.00133502638555,0.00647376752175,1.06381190128,0.853722307016,1.25169155433,0.000435695837785,0.0352551507802,0.076358072072#7#9#a7_s9_e3
0.00025431857395,-0.00541754272824,-0.000439854964556,0.0123607319163,1.5203274664,1.24969095885,1.45871308641,0.000105229178396,-0.000849089501303,0.0920349804124#3#10#a3_s10_e1
0.000511082000497,-0.00222808086874,0.00753307435404,-0.00131691710705,1.36456915719,0.335276844267,0.494701525406,0.00627385871537,0.0246092120609,0.0447911657134#10#1#a10_s1_e2
-0.000383993624196,0.00577777966036,0.0049443982806,0.00226553144093,1.84518040126,0.480667770596,1.13334976643,0.000617251864171,0.00635074801488,0.0410003675746#10#1#a10_s1_e3
0.00148546248852,0.00266209838966,0.00637715625995,-0.0035856788995,1.84750006344,0.457537729182,1.28696218896,0.00822656798575,0.00677621142224,0.0382785332572#10#1#a10_s1_e1
0.00271547664195,0.000174539107615,0.0047355022674,-0.00175872875596,1.32817498815,0.309137164928,2.3674352591,0.0196845207146,0.0144196924989,0.0200656455675#11#10#a11_s10_e1
0.00243865009591,4.93533666672e-05,0.00949898502603,0.00876049785244,1.52959931249,0.315017279551,2.82769789068,0.0344787420376,0.034959841274,0.00483924107555#11#10#a11_s10_e2
0.000213450440396,-0.00101855429155,-0.0010128403569,-0.00631703877651,1.84858671882,0.514928562386,2.63981915897,-0.00210857715714,0.0131169526789,-0.00199793147089#11#10#a11_s10_e3
0.00122716115738,0.00298382479632,0.0355239533792,0.00727485857962,0.817023671272,0.684138445175,1.38308554845,0.00283346043025,0.0222999429948,0.0267431180653#20#6#a20_s6_e2
0.00395057214254,0.014354670201,0.0298832244727,0.0265348191898,1.18128140544,0.607221143705,1.04379614167,0.0216241761128,0.00527544297038,0.024631732227#20#6#a20_s6_e3
0.0137719771596,-0.000476063086525,-0.0134943157719,0.00604856377199,1.85192769648,1.16429175276,0.268796474083,0.001858305191,0.00044005251498,0.0140855048923#13#6#a13_s6_e1
0.00385857326235,0.0116358764845,0.0117987916179,0.0344927020037,1.07575096337,0.0305222509147,1.11467232264,0.000268227681665,0.00279242291481,0.0951986510654#20#9#a20_s9_e3
0.00762699068592,-0.0058105975504,0.0139791866853,0.0420550939391,1.21809058966,1.06210173796,0.800900114549,0.00409936466193,0.00343429722257,-0.000164595907287#20#9#a20_s9_e2
0.00503279819608,0.011271999534,0.0191431433455,0.0181836426769,1.15180123953,0.0720390828948,2.34387348895,0.0103436475074,0.0120688697213,0.00502329666876#20#9#a20_s9_e1
0.00872154570592,0.00277389648073,-0.00772523781658,2.00957677159e-05,1.18188585299,1.01191293748,1.89874678241,0.00445804461143,-0.00391975315465,-0.0277153650742#13#6#a13_s6_e3
-0.000363147395923,0.00282763434158,0.00496030586029,0.0156311688717,1.36325510894,0.814404149572,0.895724870696,0.0101667275303,-0.002381889447,0.0326545775117#18#5#a18_s5_e2
-0.00170334071612,0.00721111860177,-0.00124083065068,0.0109365154437,1.74758197656,0.89091999027,0.504218468684,0.0109956115476,0.0175755235998,0.173767768412#18#5#a18_s5_e3
-0.00117021979483,-0.00234552693865,0.00466951001786,0.0220811049277,1.39834535909,0.923248583686,1.60324674794,-0.00120871027155,-0.0129985063822,0.0164188578117#18#5#a18_s5_e1
0.00690913779271,0.000640932942295,0.012647476003,0.00206928078636,1.37640909457,0.0776796521854,2.14622106891,0.0152578674048,0.00687478091164,0.0579951574841#13#8#a13_s8_e3
-0.000725087825102,-0.00233777144538,-5.24371067075e-05,0.0178894566327,1.13840207158,0.922080911914,1.6818961606,-0.00211938570051,0.0019545003879,0.0734077822239#8#6#a8_s6_e3
0.00105892410046,0.00506487739566,0.00643831186537,0.00946210592994,0.0414125687453,0.87861040358,1.41037313842,0.00347464131499,0.00852621334876,0.056296839768#4#3#a4_s3_e1
3.50412333244e-05,0.0280984859577,0.00336368109868,0.0252455980451,1.11457993447,1.01810479692,0.595432296728,0.00294817911963,0.00126299238885,0.0411927150089#4#3#a4_s3_e2
0.000619816563266,-0.00272239630981,0.00205673463042,0.00981551069539,1.53898612832,1.04855245957,2.08825293765,0.00301328883013,0.0105876972404,0.00441120440485#9#10#a9_s10_e3
0.000658459392734,-0.000525166354689,-0.00100093115935,0.00860012365708,1.5107092144,0.675686365656,1.67590714901,0.00153043905066,0.0220774964875,0.0455234295302#2#6#a2_s6_e1
0.00225012859802,-0.00683620700726,0.00472834829036,0.0233529830088,1.44033006547,0.623938727711,1.38037487531,0.00629793068367,0.0354237797688,0.0567642961931#2#6#a2_s6_e3
0.000245994395748,-0.00255991112808,-0.000564354117026,0.00301146884704,1.46600386615,0.792909228599,1.57092998814,-0.000171878374286,0.00650390000242,0.0130186986165#2#6#a2_s6_e2
-0.00225920084401,0.00144131792862,0.00173899719476,0.00267955551857,1.25225888955,0.32451034171,0.881441633747,0.000307223812715,0.0191854485333,0.0768876520615#10#9#a10_s9_e2
0.00132188816536,0.000587937055773,0.0055934508229,0.00795184132823,1.42869285164,0.69122832807,1.03651032416,0.00266797259248,0.0142101579772,0.0930023818868#10#9#a10_s9_e3
0.00111055333288,0.000951020479375,0.00648695987398,-0.00988390693706,1.50628417856,0.561520773912,0.573131854418,0.00494723361687,-0.00385999390533,0.106740489859#10#9#a10_s9_e1
0.00147483046358,-0.00432875296762,2.44075327247e-05,0.00678801358247,1.48675997559,0.525844264256,2.35712664641,0.00163088806418,0.00429500787785,0.00141533212883#15#7#a15_s7_e1
-0.000255023411837,0.00863915650484,0.00131051464772,-0.00378961264447,1.48239443785,0.466594478823,1.45981618569,-0.000993225634852,0.00226363474052,0.000289993818456#15#7#a15_s7_e3
0.00280356401817,0.00310071416351,0.000914414460484,-0.00525202304665,1.59037496675,0.564086643747,2.94395471375,0.0071372611331,0.0192117169348,0.00985438638876#15#7#a15_s7_e2
0.000511756822968,0.0217617735348,-0.00270788150835,0.0123376957801,1.57460114192,0.55604583226,2.7283722705,0.000204164810222,0.00311306697533,0.00710495999766#15#1#a15_s1_e3
0.000763900449107,0.000594381238085,0.00617477442267,0.0152686586368,1.29242156883,1.078861565,0.834764646922,0.00368281826414,-0.00504425147232,0.0496715542154#7#9#a7_s9_e1
0.00122815158403,0.0306529928881,-0.00570352108998,-0.00932303597881,1.37779657445,0.583107329038,-0.014877561483,-0.00288940995595,-0.0134080843182,0.0140838574844#15#1#a15_s1_e1
0.00097089711406,0.00116627196078,-0.00424189089994,0.00012074147296,0.719017321447,0.722481118745,1.19278761593,0.0308990142573,0.00532285990112,-0.00487047481095#18#3#a18_s3_e1
0.0131295061955,0.00446530034981,0.013880701748,0.0176176962322,0.639671388501,1.0985489813,1.84585817787,0.00973371911663,-0.00469184887463,0.0503891165953#13#3#a13_s3_e3
0.0105459914564,0.00949322750736,0.0185292920906,0.0166877542066,1.09384543387,1.36624800622,1.95997435904,0.00884376842755,-0.000189406156219,0.0547172244114#13#3#a13_s3_e2
0.0188398976208,0.00873613944492,-0.0034955499344,-0.00102033711933,0.933359811243,1.35200030864,2.03502281121,0.0178845848598,0.00154217258537,0.0236436981803#13#3#a13_s3_e1
0.00157635966773,0.00690768759403,-0.0338544014319,-0.0216929211344,1.50347421873,1.01339802102,1.37487074674,-0.00931788142188,0.00930547665828,0.121997852683#18#3#a18_s3_e2
0.00109844108735,0.0112281025321,0.0187761127444,0.0135024896037,1.4553180616,1.01429442578,0.850485983689,-0.00418670827317,-0.00104924101339,0.0774056775615#14#1#a14_s1_e2
0.000730086101087,-0.00667679280042,0.00608768586552,0.0082862424353,1.20523407987,0.93830159628,1.30527185643,-0.0010517221609,0.00943120877299,0.0711405543269#7#9#a7_s9_e2
-0.000982071396986,0.0186703025568,0.053988484063,0.0275538311095,1.19842850874,1.1274427476,0.701036420736,-0.0110142046692,-0.00197018908909,0.0717435669371#14#1#a14_s1_e3
0.00146717710065,-0.0172096436791,-0.00296479356045,0.0504102202868,1.24596365407,0.501309772174,0.999229438987,0.0263179706763,0.0641438425806,0.0974291588567#1#2#a1_s2_e2
0.000380506572151,0.00208096596014,0.00535444712587,0.0125650150529,1.15752377552,0.509835532384,1.37395666246,0.00599368388657,0.0242564830522,0.0312814005545#1#2#a1_s2_e3
0.00056533397842,0.00698555853987,0.00836002578562,0.0103441516808,1.27437045809,0.671604400615,1.55377198237,0.0132499241993,0.0232339713535,0.0702602666085#1#2#a1_s2_e1
0.00429918629406,0.0134967578935,0.000748205977913,0.0270411477263,1.26381843387,0.900295794216,1.50773085508,0.00368494397121,-0.000290100008624,0.0454959837268#17#7#a17_s7_e1
0.00101713816845,0.039952799564,0.00359170862397,-0.0124584893295,1.38887216914,0.465982362408,1.35424451828,0.00673950990552,0.00657877042053,0.0850023656076#19#6#a19_s6_e2
0.000249613940811,0.0398330540843,0.00950714355433,-0.0121697107548,1.40794278223,0.509938006489,1.88594110911,0.000379728455001,0.0530910778441,0.104502073981#19#6#a19_s6_e3
0.000775053037565,0.036194592131,-0.0022041493444,0.0122341849368,1.23882725883,0.615486126318,1.65753437342,0.00387682543641,0.0362136147851,0.0249994110731#19#6#a19_s6_e1
0.00330088064689,0.0253446426676,0.000897849144463,0.0254277022502,1.26932759028,0.601949342374,1.57623102136,-0.00192632630409,0.0359959484628,-0.00101513474157#4#1#a4_s1_e2
0.0011191279182,0.0075125837596,0.0376242078944,0.0119489014174,1.41490396494,1.14398375677,0.964367278122,0.00412954204982,-0.00172011824294,0.104963883969#14#8#a14_s8_e1
-0.000348672028111,-0.000731605220562,0.0343483397458,0.00504925192112,1.31632205043,1.22387869874,0.597516714761,-0.00112002610741,4.31585893384e-05,0.086430012434#14#8#a14_s8_e3
-0.000977283459266,0.016936400708,0.0253598724721,0.00409842324946,1.34108612423,1.10176499238,1.21583004023,0.00133965132467,0.00393676745577,0.0689008675939#14#8#a14_s8_e2
0.000216086243344,0.00645953285566,0.00711847549096,0.00277533096,1.38807451334,0.683595802598,1.88327181919,-0.000576082047753,0.00574071325497,0.00203508942838#15#8#a15_s8_e1
-9.79158831948e-06,0.022464137828,0.0194826466127,0.0107728090427,1.26288737885,0.493699090573,1.30725146576,-0.000374713828965,0.0121797119374,0.0556439331496#15#8#a15_s8_e2
-0.000912279606098,0.0236587370889,0.00148593433133,-0.00129904244132,1.51341047065,0.51884372581,1.61297556849,-0.000678040811061,0.0504399246425,0.00569206310277#15#8#a15_s8_e3
0.00100510774814,0.0295577928477,0.0115383716314,0.0341699501603,1.49863794706,0.559665595558,2.17018442778,0.00345962470512,0.00399872371418,0.0265956606543#12#6#a12_s6_e1
0.00259415719778,0.0150974407517,0.00816554104456,0.018820685123,1.54220938183,0.803986744119,0.985012181053,0.00956922982768,0.00521142236664,-0.000452044422031#17#2#a17_s2_e1
-0.000492698027766,0.0118669509176,-0.00640498282693,-0.01708029651,1.31768587283,0.522528533319,0.191241600336,0.00137467843405,0.0540643463458,-0.0146132781779#12#6#a12_s6_e3
-0.000126955598879,0.0140387103185,0.00209691624896,0.00274961610895,1.59618028724,0.571208681634,2.2877854502,0.000275724662238,0.00592566749065,0.00691823318207#12#6#a12_s6_e2
-0.000149377855842,-0.00149456182714,0.0162345117959,-0.000952698068837,1.35693009058,1.01815927137,0.0807044476573,0.00170400913897,0.0065357458703,-0.00732937141197#16#3#a16_s3_e2
0.00196690637916,-0.0130136231697,0.0143483904242,-0.0122794181571,1.20405898257,1.29179938957,1.90454424084,0.00265559179986,0.00810798675291,-0.0113811933874#16#3#a16_s3_e3
-0.000315888176698,-0.00267871588323,0.0152011670666,-0.000107993753023,1.23159832421,1.04702872226,1.90791189688,0.00088014462333,0.000992908616071,0.0105138113064#16#3#a16_s3_e1
0.00365375547411,-0.000741485447533,0.00332711374866,0.0123867426457,1.20297796711,0.970948894655,1.87306327702,0.000955790117217,0.0366409545575,0.0226320415967#8#8#a8_s8_e1
-0.000522250820674,0.030850318179,0.00449455164127,-0.0182392741368,1.42373414705,0.595690774539,2.42094501923,0.00729638153053,-0.0141995794409,0.027791494114#12#8#a12_s8_e2
-0.000930142528422,0.0234067272008,0.000947910238564,-0.0186415571398,1.58684875611,0.769814255143,0.0755037006181,-0.000552622059564,0.0166930686624,0.0339369882451#12#8#a12_s8_e1
-0.0021184936392,0.00576940084762,-0.000830314540699,0.00533654753913,1.22724518577,0.707523835998,1.86463448436,-0.00345264525532,-0.00261448384406,0.0890181546801#8#8#a8_s8_e2
0.000335579830855,0.00157082835886,0.000547623408047,0.00959981491011,1.31394682745,0.878352230295,0.0939260906368,0.000524099413744,-0.00233048065893,0.0895043182432#8#5#a8_s5_e2
-0.00278026777094,-0.00227480227288,0.00264202617767,0.0109386822147,1.44773608671,1.30009460793,0.2456390475,-0.000936262384665,-0.00210439296044,0.16185528819#8#5#a8_s5_e3
0.000306877434061,-0.000933630776984,0.00323318828686,0.0140501883365,1.7192603772,0.328678369775,1.27073520802,0.00238038439267,0.00834016987451,0.0179072185284#10#7#a10_s7_e2
0.000811860208103,0.00133335151821,0.00551216357372,0.00653177080685,1.72609489968,1.4716100693,1.96273555686,0.000314991023763,-0.00344418062397,0.0280750555134#8#5#a8_s5_e1
0.000365668308933,0.00740801150711,0.00790451787901,0.0313090000977,1.04927543366,1.32788926027,0.977722699796,0.00366523655008,0.00843281959466,0.106044074516#6#8#a6_s8_e3
0.000214357956516,0.016133752099,0.00618367668638,0.00616801930176,1.10742828698,1.22863905292,1.10690140072,-0.00292478479002,0.00375958626232,0.0684927089422#6#8#a6_s8_e2
0.000240742839243,0.00277974162755,0.00180227331748,0.0289630353456,1.1583855553,1.13817451346,1.26444481475,0.00468924461368,0.0101755329352,0.09448839873#6#8#a6_s8_e1
0.00144186851961,0.014623115131,0.0411753804693,0.0207983293318,1.20120574171,0.695655889073,1.29710104406,0.0171001156602,-0.00441518293658,0.083281363775#20#6#a20_s6_e1
0.00162929596692,0.00622710951425,-0.00803757064037,-0.00348088548851,1.33796720183,0.571054412814,1.21019236625,0.0211753996626,0.00451217154952,0.0597491319409#11#6#a11_s6_e2
0.000969113421615,0.00216313210834,0.00106886851452,0.00232824650148,1.30418861206,0.473889463295,1.21649764155,-0.00502676359816,0.00702431747312,0.0584758348025#11#6#a11_s6_e3
0.00130976302117,0.00305205935472,-0.000130420890953,0.00190039209277,1.20920500907,0.379388589867,1.33563676952,-0.005342619239,0.00178899963735,-0.00959670537691#11#6#a11_s6_e1
0.00235743928025,-0.0166657401563,0.00839298415224,0.00139296086437,0.82716262547,0.978511443781,1.08133451163,0.0116134615927,0.0893774231076,0.0178174648218#17#10#a17_s10_e3
-0.0001395196469,0.0181270214116,0.0114236275738,-0.00704697390636,1.46784358362,0.597877162253,1.8436317643,0.00357919633002,0.0389460682786,0.0321973625177#12#1#a12_s1_e1
0.00159785629788,0.0113225288769,0.00487558728715,0.0255988546189,1.45673908316,0.619829739395,2.39855638898,-0.000550896031138,0.0520946210665,0.0464974599312#12#1#a12_s1_e2
-0.000704487514351,0.0117061447319,0.0210715038827,-0.0231122377083,1.65560900033,0.617721435945,2.47219224501,0.00579106376494,-0.0173823792847,0.0225844805802#12#1#a12_s1_e3
0.000518829284398,-0.00296581913771,0.00354443792312,0.0377870987146,1.36210982707,0.857418242544,1.40245867256,0.0112787224074,0.0816444790902,0.0401328714581#17#10#a17_s10_e1
0.00840982560068,0.00647341839377,-0.0179537966867,0.0138261125384,0.0881262027222,0.783891706642,0.674002260757,0.0032816944881,-0.00017312859731,0.0742995000784#20#4#a20_s4_e1
0.00212872251286,0.00131379655375,0.00666418895443,-0.00190751379764,1.03792765981,0.300408610192,2.52452156691,0.0126600021746,-0.00916358704543,0.0105043973842#11#4#a11_s4_e1
0.000227171319668,-0.00234078446563,0.00216653139019,-0.00424908788721,1.31417937093,0.414234456187,1.66197171159,-0.00453080465005,0.0053070013871,0.0098540785612#11#4#a11_s4_e2
0.00182303399818,0.0013889524665,0.00254055285429,-0.0020011515649,1.25781945634,0.388946196251,0.110151466501,0.00802532864663,0.00374633474489,0.00333164606423#11#4#a11_s4_e3
-0.00054739097247,0.000122077217193,0.00061005378972,0.00612114598336,1.4639103608,0.856719627818,1.27779452987,0.00178088817106,0.00228540163195,0.0749683881437#2#5#a2_s5_e1
-0.00018979882302,0.00058939087507,0.00327789680444,0.000121059582729,1.43383685868,0.989102126307,1.25321189229,0.00189758701338,-0.00379923503606,0.0572464559575#2#5#a2_s5_e2
0.00117522333506,-0.00199485085461,0.00794946401114,0.0300126045507,1.7797748158,0.83029291789,0.183347500184,0.00557253888249,0.0462211878465,0.0808008589494#2#5#a2_s5_e3
-0.0017718287952,0.00852475841921,0.0219345743588,-0.00318748245851,0.994118819421,0.928110734741,1.82494757509,-0.00404823699505,0.013798899166,-0.0194262702241#18#1#a18_s1_e2
-0.000523182362866,0.00238201848133,0.0217710251427,0.0201137353031,1.28187384121,0.787887929802,1.07662204701,-0.00166537675247,0.000798015226036,0.0582276889356#18#1#a18_s1_e3
0.000435788218801,0.000883471986621,0.000871784371122,0.0248086108354,1.16753732581,0.843086309924,1.7751977607,0.00131299941015,0.0102451283617,0.0547908658069#18#1#a18_s1_e1
0.000591432807823,0.0117664074202,0.00252302003688,0.00114297807697,1.36760244191,1.16519519621,1.86568101542,0.00231345170845,0.000958679513802,-0.00881866187237#16#4#a16_s4_e3
0.000979823537806,0.010763248218,0.0127834323127,-0.00294839226173,1.35757323116,0.976698484669,0.166956093484,-0.00506193494233,0.00382442008158,-0.036960425337#16#4#a16_s4_e2
0.000435678448059,-0.0156808120377,0.00204072822493,0.000974121428701,1.30052636854,1.16591088586,2.08068957947,-0.000654694432758,0.000888478997152,-0.00084074802544#16#4#a16_s4_e1
-0.000387752639968,-0.0150807449612,0.0254155059286,-0.0114289224015,1.43385556191,1.18436275921,2.6636643407,0.000707022455607,0.0158769028189,-0.0480855861898#16#10#a16_s10_e1
-0.000628927693951,-0.00575263038483,0.00638348077701,0.00361736516394,1.42578292736,1.1209932118,0.19659777043,-0.00225245332223,0.0135585660899,-0.0212952383902#16#10#a16_s10_e3
0.000810553827468,0.00184794039385,0.01263725067,-0.00719929096969,1.41169031415,1.00647767282,1.68600646489,0.000937271891659,0.00288152034238,-0.0193855506204#16#10#a16_s10_e2
-0.00021749188175,0.00366273466123,-0.000135637798943,0.00860322575386,1.41319574147,1.286894198,1.21322430166,0.000636771258943,-0.000298280917993,0.00583249113059#5#5#a5_s5_e3
-0.000440610490096,0.00325934374882,0.0014988356023,-0.00644997894598,1.82839611878,1.47376806328,1.16399733299,0.00090635842054,-0.000126976179582,0.0952105343951#5#5#a5_s5_e2
-0.00233064724429,0.00151141093815,0.00231226339476,0.0152283834561,1.4536358368,1.29405425606,1.10114873278,-0.000521515805738,-0.0032305712129,0.0690548832639#5#5#a5_s5_e1
0.000252027347666,0.0144941821807,0.0320945042601,0.00391108333833,1.13716620313,0.94556163819,0.800481899231,-0.00072363076716,0.00260112194434,0.0460248542766#14#1#a14_s1_e1
0.000639986082369,0.00329450098727,-0.000597900241563,-0.000159596295514,1.52736833412,0.430120076023,1.34980066082,0.00243625732159,0.0313756033925,0.0203629695468#2#7#a2_s7_e2
0.000345638065272,-0.00202488688265,0.00275369715361,-0.00234497998353,1.51886200628,0.930517711061,1.26116219187,0.00154847054277,0.00637934606656,0.101423713953#2#10#a2_s10_e1
-0.000815623487383,-0.00141022489445,0.00556813573418,0.0242113901012,1.44828451791,1.25927815484,1.22322605554,0.00194118094235,0.00384963351878,0.159897208496#2#10#a2_s10_e3
-0.000495895304457,-0.00224079504152,0.00354003590952,0.0331235784077,1.50564858625,1.10782457697,0.747134750242,0.0062776871376,0.00469732824778,0.132768222985#2#10#a2_s10_e2
0.00143086522539,0.0287071074991,0.0079044169634,0.0123927842472,1.42982435023,0.555369098965,2.65351067453,0.00604736275471,0.0378603124918,0.0195563827924#19#9#a19_s9_e2
0.0011868738137,0.00952261506583,-0.00424226570436,0.0149930983103,1.0127343505,1.14458624911,1.04417816291,-0.0105341489456,-0.000181996437571,0.0475252217046#20#5#a20_s5_e3
-0.00121244893944,0.00740893159846,0.000357005586837,0.0169013882632,1.56758414526,1.0636047261,0.80749855014,-0.00518011582832,-0.00431741539427,0.0836135677504#20#5#a20_s5_e2
0.000980223645339,0.00408800636419,-0.00475442210746,0.0238908573949,1.43963366209,1.18749581667,1.57050279884,-0.00322968784016,-0.0190269080168,0.0390061125903#20#5#a20_s5_e1
-9.00431578636e-05,-0.00365026540218,-0.0107843923932,-0.00276346236844,1.48049679419,0.4335735748,0.79379781885,0.001422477073,0.0366716862128,0.115643936491#19#10#a19_s10_e1
0.00478828117236,0.000680589860263,-0.000512165111279,0.00622991097433,1.84795689243,0.37835871685,1.11877062401,0.0176734983056,0.0419493911343,0.0933073652321#19#10#a19_s10_e2
-4.0689737078e-05,-0.00271218131383,-0.00307848632103,0.0269438556944,0.754552657316,0.646634376683,1.25500261849,0.00718959883265,1.81870344414e-05,0.0809853153623#19#10#a19_s10_e3
-0.000666505177791,-0.00680176303376,0.00483675531175,0.0141368152617,1.48255530482,1.56124161565,1.38106131705,-0.000778960369318,-0.00452744308672,0.0325289548514#7#5#a7_s5_e1
-0.000265826943395,-0.00071447068593,0.00182752434567,0.00284680710815,1.45772945689,1.20288290437,1.18065996891,0.00476688529071,-0.00122477819664,0.047073479041#7#5#a7_s5_e3
-0.000594259891404,-0.00228768653122,0.00626651951377,0.00753454735344,1.59256995449,1.3969668831,1.46118597377,0.00607060634674,-0.00284986834127,0.0482240882893#7#5#a7_s5_e2
0.00100916637432,-0.00512006119486,0.00427542203906,0.014828725869,1.14143763934,1.24261079234,0.219600812912,0.00444377816562,0.0262015502246,0.0531166489956#8#3#a8_s3_e1
0.00187367916436,-0.00453839271636,0.00376835245233,0.0104971512006,1.17532891765,0.14468554528,0.241574520769,0.0037985862192,-0.00402633385909,0.0988497196833#8#3#a8_s3_e2
0.0021596663747,0.00261258661083,-0.000740410929216,0.00697064750693,1.0290774524,0.130701932124,1.88744861287,0.00447553722694,0.0214042274858,0.1309400562#8#3#a8_s3_e3
0.000539063074007,0.00293829271412,0.00381705033403,0.00253361104202,1.46280632641,1.19537696986,1.20440341235,0.00185391382492,0.00702769664824,0.0327248439241#3#6#a3_s6_e1
0.00112451454676,0.00106253731805,0.00443728504562,0.00855781807819,1.84327910049,0.967734858077,1.37549705035,0.00840942014049,0.0202457737746,0.0249232547804#3#6#a3_s6_e2
0.000727400994199,-0.00198180869924,0.0052307063956,0.0153258093776,1.42947932842,1.09827412077,1.26235027426,0.000390083603689,0.0144246908755,0.0638310714263#3#6#a3_s6_e3
7.23935215555e-05,0.00234934294238,0.0197042219926,0.0108005157974,1.11903758834,0.776637327536,1.11935574693,0.00581029819042,-0.00385158797503,-0.0197880219801#18#2#a18_s2_e3
0.000948325281494,0.00132477779249,0.00152210037749,0.0144366529223,1.41115386431,0.544467618193,2.02015817015,0.00600104300886,0.0183824240895,0.0514839903083#19#2#a19_s2_e2
0.00109175918862,0.00818368679012,-0.0048936191188,0.0153538591526,1.62443274349,0.506321656384,0.305316711964,0.00124075002221,0.0233827564692,0.0505180410078#19#2#a19_s2_e3
0.00123234697941,-0.00216466025086,-0.00592259726272,0.0240055973395,1.36116275304,1.09218794056,1.4538814515,0.00101475818371,0.0118067567196,0.0901510767374#9#10#a9_s10_e1
-0.00112591800143,0.0168540767533,0.00105802332241,0.0301793908882,1.30663325198,0.992432462791,0.715805546566,-0.00445576143335,-0.00530646432841,0.012513941223#4#7#a4_s7_e1
0.000627158485422,0.018989067687,0.00111026159205,0.0319649429593,0.0884054011437,0.924145201921,0.274804628167,-0.00103780980252,-0.00221614458256,0.00617552502751#4#7#a4_s7_e2
-0.000578243639536,0.0141524435029,-0.00421317837017,0.0247538972501,1.4552706748,0.881608941765,1.17900585652,-0.00393372010649,-0.00425899826623,0.0109315502431#4#7#a4_s7_e3
-0.000165599361428,0.0192171905082,0.00618501781436,0.0105641335246,1.40407778432,0.0059373780243,2.18713816757,0.000965039544299,0.0233909402253,0.0164388163596#19#4#a19_s4_e1
0.000850783579419,0.0411502692672,0.00405289596301,0.0127287911356,0.917659618869,0.548553760483,1.63149886957,0.00612666372995,0.0109654927511,0.0373535767948#19#2#a19_s2_e1
-0.000630372977278,0.0310439678107,0.000614628341051,-0.000437174267097,1.01192206273,0.513738594221,2.13186343425,-9.25389689828e-05,0.0601323200382,0.0459189568146#19#4#a19_s4_e3
0.0131148910074,0.00444432266827,-0.00147020719875,0.0371187731346,0.0988378380004,0.891642102093,1.02260187213,0.00943652991742,-0.00570815560206,0.0646810620264#20#7#a20_s7_e2
0.00138240489503,0.00204807404623,-0.0113672020548,0.0360598199601,0.0853888605538,0.843278559843,1.54014803297,0.000892288025596,0.0176573730017,0.014116040049#20#1#a20_s1_e3
0.00287360165571,0.00847878054489,-0.000657758386273,0.0205356416692,1.02407688512,0.877586229385,1.41943318302,0.00450560094426,-0.00260223486186,0.105212929133#20#1#a20_s1_e2
-0.000205212604718,-0.00278475896029,0.00332924079714,0.00852139672435,1.65797368512,1.21427700282,1.51066383615,0.00241464272694,0.00323215448724,0.029496833311#9#10#a9_s10_e2
0.000225261291521,0.00111070267379,0.00072668423365,-0.00796689163409,1.79537167525,0.474626146776,1.45758554353,0.00169056339696,0.0232465090141,0.0476063020242#2#2#a2_s2_e1
0.000314862975894,0.00952801393397,0.00792560576352,-0.0109631904921,1.51126755312,0.475701458238,1.36511881026,0.00268483884325,-0.0112701117131,0.0413335631449#2#2#a2_s2_e3
0.000942987125908,0.00218446003182,0.000714355140772,0.0211340813111,1.31435103278,0.503552582715,1.43333305927,0.00630977611449,0.0417148390258,0.0581985741556#2#2#a2_s2_e2
0.00117216966986,0.000691131758376,0.00743085043728,0.000364930246786,1.42754904928,0.355900636114,2.3610527176,0.0144792143569,0.00562847773873,0.00934334544051#11#2#a11_s2_e2
0.00247049477944,-0.00118247942181,0.0158228052652,-0.00445392445327,1.43972918916,0.314768396433,2.28479983592,0.0191313323775,0.0270975810444,0.00731806981463#11#2#a11_s2_e3
0.00153110923745,-0.000301159993839,-0.00674740798057,0.000458202447491,1.44169984882,0.517776719171,2.3634225741,-0.0119348815053,-0.00419368507852,0.00271281152339#11#2#a11_s2_e1
-0.000304696762241,0.00983240772767,-0.00387639082335,0.0219695395936,1.24428693292,0.763988964321,1.13184911903,0.00247565570932,-0.00302444389839,0.00961925968352#18#7#a18_s7_e1
-0.000114067086878,0.00338491234991,-0.00202980731567,0.00582259020069,1.20511284988,0.811776162905,1.3361450866,-0.00302141905316,-0.000364703079573,-0.0018316969379#18#7#a18_s7_e2
0.00212942465938,0.00312084312684,0.00207234823725,0.0318784381263,1.26363300781,0.765303034488,1.35630771081,0.00302712947954,0.0027234582811,-0.0104524160479#18#7#a18_s7_e3
-9.01520700802e-05,0.00385092808694,-0.00121426953296,0.00488345466988,1.44454007282,1.39052492121,0.85328273513,-0.00145859516977,0.00659088143285,0.0277348327761#13#10#a13_s10_e1
0.00366665063749,0.00441388006728,-0.0126221300923,0.00210537359717,1.24465294895,0.457432607145,1.98702783148,0.00207397706072,0.0295054417588,0.0192628158759#19#1#a19_s1_e3
0.00292728729512,0.0423833913678,-0.00251931594457,0.0279331634786,1.43490522075,0.478426153057,2.08166300441,-0.00144638545505,-0.00513855253244,0.0723630725153#19#1#a19_s1_e2
0.00296591016951,0.0334328007046,0.00179411892173,0.0234220037368,1.2637129653,0.501162719601,1.66181263083,0.00514558893522,0.0262650037891,0.0638028843894#19#1#a19_s1_e1
0.000324023302344,-0.000337902428894,-0.000308131280269,0.00530109913905,1.49548599649,0.428463728598,1.13569481942,0.00392013361543,-0.00222835452198,0.0101043355901#10#2#a10_s2_e3
9.27869880947e-05,0.000639225879699,0.00242347486623,-0.00572397366083,1.53532381297,0.475043657014,0.585290351631,0.00567998930069,0.0102843520232,0.0277845170945#10#2#a10_s2_e2
-0.00107538173439,0.00677567854669,-0.0016772038673,-0.00729814078273,1.6911709953,0.76489348808,1.15320388526,-0.00372202523007,-0.000591844507924,0.0621042298418#10#2#a10_s2_e1
0.00166048570668,0.00492496128866,0.00917811890094,-0.0165217922596,1.30260054692,0.0291721278438,1.60146352716,0.00811809800054,0.0309024998048,0.0285210361656#17#8#a17_s8_e2
0.000519087310177,0.006610798237,0.00294566405154,0.026159447653,1.49749537783,1.21437427086,0.990752052219,0.00130767889996,0.00244716812027,0.0596190203864#5#8#a5_s8_e1
-0.000275197350605,-0.000858347700941,-0.000353610760524,0.0297397560482,1.31699348816,1.23983435482,0.701663440678,0.000445279816411,-0.00418609444697,0.0413742241366#5#8#a5_s8_e2
0.000255376099211,0.00066914291887,-0.000672978923942,0.0285363329951,1.31361672855,1.09649109048,1.15277095257,0.0029088298538,0.00355746168528,0.012528844451#5#8#a5_s8_e3
0.000689503719132,0.0179393316876,0.00582671202973,0.0187900202561,1.21784146653,1.12036461959,1.38427107862,0.00377060099543,0.000609829526262,0.0802911620052#4#8#a4_s8_e1
-0.000482084562166,-0.000954989877726,0.00378189126089,0.0157205297077,1.25084648409,1.08046524403,1.56564902879,-0.00326056331817,0.0118864354121,0.00567956264232#4#8#a4_s8_e3
0.00259211282826,-0.00309046436699,-0.00876535360321,0.021623778663,1.3311238396,1.08769256671,0.217084343917,-0.00518100583041,0.0184239275203,0.0195744103671#4#8#a4_s8_e2
0.0032020619098,-0.000287794490573,0.021210043252,-0.0045160812191,0.137315900045,0.83113313927,1.03265351875,-0.000793409550638,0.00216673115511,-0.0255056071603#6#2#a6_s2_e1
0.00451362823682,0.00558283025418,0.0154221515511,0.0287912626308,1.15923412192,0.831387908012,1.18559986083,0.00321447177178,0.00178428363892,-0.011183424174#6#2#a6_s2_e3
0.00170323875001,0.00590589524768,-0.000470088001308,-0.0117798896891,0.124676160859,0.917137286906,0.912683098817,0.00243107757347,0.0305368465245,-0.00595672715145#6#2#a6_s2_e2
0.00052685186874,-0.000825705785494,0.00168125813149,0.000518401909847,1.49790442754,0.49990544424,0.777846273547,-0.00138871600468,0.00370083493975,0.0682930116042#10#4#a10_s4_e1
-0.00375051915846,0.00848185862844,-0.00460487726517,-0.0227484780426,1.41780797326,0.637178035303,2.88029164134,-0.0029027533845,0.000468775963547,0.0236986354016#12#4#a12_s4_e2
-0.000534368038981,-0.0118409762804,0.00726582890603,0.0056708682374,1.30809239531,0.504882924389,0.134320766329,-0.00390870826395,0.014123104683,-0.0011872775401#10#4#a10_s4_e3
-0.00171842382651,-0.0012604418695,0.00308229244763,-0.00704176402974,0.778424043675,0.654550006919,1.32724718821,-0.00175538065674,-0.0132810977932,0.018737483893#10#4#a10_s4_e2
0.000438931031686,-0.00160747921172,0.0126634882141,0.0069752181219,1.44090606159,0.915922331543,1.69241700767,-0.00362119280146,0.0133123162419,-0.00453165709746#16#7#a16_s7_e2
-0.00138082450966,0.000765337041508,0.000469538637575,0.000174332231567,1.68212055602,1.26999993237,1.70685424174,0.000418902535206,0.00271518519393,0.0132283749905#16#7#a16_s7_e3
0.000829752054305,-0.00278464259732,0.00139667343979,0.00631867178806,0.0895096131348,0.909611516384,1.59700824468,0.0114777775715,0.00215307224492,0.0387153217559#20#10#a20_s10_e2
0.00123009148308,-0.00273471217871,-8.20724347464e-06,-0.00329883097678,1.44931231921,1.13001601695,1.32848750263,-0.002042586021,0.00265991224239,0.0016354826112#16#7#a16_s7_e1
-4.43769316869e-05,0.00545627128639,0.00830909690634,-0.00292200273636,0.0109272932865,1.06621475424,1.8645043231,0.00127005244182,0.000614961876708,-0.00290269111173#16#1#a16_s1_e1
0.00123849525067,0.0052197907031,0.0083042091596,-0.0177544112445,1.41727739774,1.39794503717,1.94789376117,0.00265729458744,-0.00144531150959,-0.00273490294463#16#1#a16_s1_e2
0.000848165574286,0.00292273926839,0.0054427123741,0.00140355859427,1.27383813292,1.20240819791,1.93381456207,-0.00119849075,-0.00120094741227,0.00655793719451#16#1#a16_s1_e3
-0.000361824248946,0.00998715379112,0.000846892345166,-0.00243677618365,1.28411181953,0.738822133812,1.57181462229,0.000948287648312,0.0445417111117,-0.00337499220384#4#1#a4_s1_e1
-2.11393257422e-05,-0.00988971256816,0.0330973858185,0.0142582466393,1.66184910241,0.734829558265,0.904293540707,0.00179694004602,0.00842501051798,0.0936026647178#14#6#a14_s6_e2
0.00132665892751,0.00656706249607,0.00305043389177,0.00800487042328,1.30451003764,1.15078420381,0.54663002333,0.00658683260185,0.00614597265375,0.0545558227697#5#1#a5_s1_e3
0.00139802064801,0.00840610079458,0.00752898808798,0.0183704521357,1.31623666626,1.08552191226,0.686054630338,0.00846052248707,0.00218673390032,0.118346474369#5#1#a5_s1_e2
0.000248135167567,0.00257331921082,-0.000458692845208,-0.0158483437812,1.37530404087,1.08660436114,0.808427971112,0.0029357792646,0.000714641335566,0.132877440178#5#1#a5_s1_e1
0.00105443069436,0.0186078454107,-0.00487978264262,0.0218883837941,1.31599645474,1.07769527873,1.30145104107,-0.00224460231396,0.00614440831809,0.0959448763774#8#6#a8_s6_e2
0.0016202062768,-0.000827786890369,0.00222814272234,-0.00419929471746,1.33601789279,1.1658796669,1.13840485153,0.00456090581006,-0.00184965364164,0.0579048561606#5#7#a5_s7_e1
-0.000148751887397,0.0237751099205,-0.00224784000989,0.015530618122,0.90111192049,0.990866590255,0.760941548121,0.000125360386912,0.0296936543859,-0.0141674834153#8#6#a8_s6_e1
0.000588642423831,0.00150296444398,0.00239036076897,0.000996927030941,1.85519253994,1.54233573995,1.06290979717,8.28689206588e-07,-0.00016228418313,0.0170544485572#5#7#a5_s7_e3
0.000855762601189,-0.00170869263362,0.00148169830697,-0.00481655340273,1.88339028995,0.0101525047691,1.3679090935,0.00207764085615,-0.00233089412862,0.0361849442493#5#7#a5_s7_e2
-0.000505830134042,-0.0001377199426,0.00166506510489,0.0100777570744,0.0610874435436,1.0614604989,1.33638829716,0.0030608424003,0.00394229273598,-0.00648476116442#3#8#a3_s8_e2
0.00173334683554,-0.00659326835802,-0.00710641690626,0.0190461759218,1.33760314885,0.995926070148,1.0895222385,0.00641149853319,0.0240440389248,0.0712334655294#3#8#a3_s8_e3
0.0162285501003,-0.000372450408903,-0.00677382605858,0.00081676668991,0.750615529389,1.05154606916,0.895896542904,0.0124739564063,-0.00403176699629,0.0456842989358#13#6#a13_s6_e2
-0.000763566196977,0.00151646800819,-0.00242682543703,0.00920041444391,1.31646502447,1.26707490335,1.38199949791,-0.00148755195833,-0.00149754914831,0.0327811657034#3#8#a3_s8_e1
-0.00175365879543,0.00996182301913,0.00782876303413,-0.000720486141544,1.50713892696,1.11981241975,1.92534850573,0.00263278925245,-0.000703579622246,-0.0211491229949#16#9#a16_s9_e1
0.000355466487864,0.000912394073817,0.00262448851964,0.00508203157419,1.23915526607,0.73902890895,1.35033519492,-0.00350366972989,-0.00933248246393,0.0488579130359#9#9#a9_s9_e3
-0.000806797790606,-0.00148136026895,0.00835993790004,0.0203169878385,1.22812754482,0.990685099427,1.399874862,-0.00210951638021,0.00486819131332,0.0914764784476#9#9#a9_s9_e2
-0.000527352896868,-0.00387401434712,0.0123870118523,0.0167054780497,1.26063616861,0.818817574152,1.45446742449,0.00410706156396,0.00880564653392,0.104537743849#9#9#a9_s9_e1
0.00157573682069,-0.00453201036894,-0.00292349962426,-0.00865036770555,0.860752848783,0.609958888762,1.27818226039,0.00567480116537,0.0382991670438,-0.0282914980954#17#10#a17_s10_e2
0.00477032436668,0.00394598967146,0.00813106082541,0.0189600656888,1.42041407807,1.20824184041,1.64569395608,0.00324047825237,-0.00563554889492,0.0726963709088#8#7#a8_s7_e1
0.00429493045467,-0.00334126365438,0.00357827392801,0.0100158897073,1.35489603097,0.588984967076,1.75972718478,0.00585444659616,-0.0010533076719,0.031713375761#8#7#a8_s7_e2
-0.00316824731675,-0.00267777778668,-0.000291081393805,0.0155284438241,1.37407196045,1.22399456731,1.61866409818,0.00501266710064,-0.00329745311751,0.0926308581507#8#7#a8_s7_e3
-0.0011755613614,-0.00304739483898,0.00522986479249,0.0020375526744,1.3584070353,0.414689212496,2.00368461541,-0.00142086039067,0.00135651375979,0.0127401710281#9#7#a9_s7_e1
0.000112087327852,-0.000429418896183,0.000863281348194,0.012776321612,1.62772896361,0.705098613691,1.69937977355,0.00162658291079,0.0032114521219,0.0857570441624#9#7#a9_s7_e3
-0.0010327483636,0.00208611962607,0.0040638679559,0.0146896106416,1.34284588104,0.524383875941,1.5566267715,-0.00239242794919,-0.0181732915601,0.0361681016013#9#7#a9_s7_e2
-0.00155568151137,0.0225686451336,-0.00748741586188,-0.028260950872,1.43385829946,0.529877250203,1.26273088074,-0.00260144680341,-0.0110156477284,0.136191025793#2#1#a2_s1_e1
0.00200935326805,0.00567047491138,0.000635230064462,0.0207414956004,1.39550096191,0.508356890642,1.11674270637,0.00711290713222,0.0349479775897,0.0955510753255#2#1#a2_s1_e2
0.000910753881249,0.00555551961724,0.00249761467287,0.0289924103255,1.38992503855,0.638777645307,1.17661385533,0.00316155288867,0.0205700693083,0.106707801355#2#1#a2_s1_e3
0.000731493019316,-0.00155748724429,0.0037320397632,-0.0168061221182,1.71841853082,0.922242941971,1.28365831959,-0.00195367767988,0.0320901201382,0.121005827326#1#1#a1_s1_e3
-0.000741582348608,-0.0043268439746,-0.000902952514191,-0.00213526239063,1.28093496191,0.859341976581,1.3975334402,0.0155719916053,-0.0035965062961,0.120753228052#1#1#a1_s1_e2
0.000418896882496,0.0119314242995,0.00447465360365,0.0236567776782,1.07340597105,0.886834100764,0.695773820674,-0.000968109935511,0.0178451894671,0.11578371461#1#1#a1_s1_e1
0.000670553133412,-0.00132022925366,0.00511222058471,0.00258873698678,1.23321521427,0.432954601862,1.41730616543,0.00778630565685,0.00225738674594,0.0214911974082#11#9#a11_s9_e3
0.00247213665676,0.00525597584965,-0.00308490217523,-0.00559229731438,1.27108003277,0.413403630596,0.735286059485,-0.00765259308671,-0.00459272113716,0.0219403722012#11#9#a11_s9_e2
0.00200003227725,-0.000676233621442,0.00502132597757,-0.00219722722664,1.28713895093,0.440588846531,1.53605585871,0.0182756789419,0.00311783918116,0.0128335829163#11#9#a11_s9_e1
0.000622825052851,-0.00604457159372,0.00954659346006,0.0221650672918,1.27226756733,0.831104558777,2.14836750766,-0.00581126253902,-0.00219657758585,0.0835141981103#1#6#a1_s6_e2
0.00122126105615,0.000656452048889,0.00505919593161,0.0144099803168,1.22870152928,0.865824139695,1.54011898841,0.00520691310224,0.00583639530874,0.0438344191802#1#6#a1_s6_e3
8.80665711905e-05,-0.00453644493049,0.00634147946857,0.0144524946474,1.33119744455,0.865133218138,1.5432619889,0.0102441128598,0.00706952539749,0.0547978217716#1#6#a1_s6_e1
-0.000625563199424,-0.00388348078219,0.0054627551283,-0.00289957447148,1.16979374909,0.958952108709,0.830808231343,-0.00139410793176,-0.00260544715716,0.112458607878#9#1#a9_s1_e3
-1.78825620512e-05,-0.00941443186322,-0.0116086516488,0.0181488883595,1.18629456027,0.995541349185,1.10516748484,-0.0055514485568,-0.00471889105556,0.0491739288136#9#1#a9_s1_e2
-7.98129040413e-05,0.00544186122932,-0.000198066114083,0.0142696074942,1.30705362143,0.759663910189,1.14675626609,0.00511026118347,0.00673546458345,0.0800034824317#9#1#a9_s1_e1
0.00736428333571,-0.00043375962789,-0.00205720289708,0.0220353305721,0.720028307316,0.811439127849,1.41959965341,0.00628562422509,0.00537308167386,0.0859354096299#20#4#a20_s4_e2
0.0014429070104,0.00291230284947,0.0037674695522,0.00888235173437,1.30744952297,1.07921603651,1.65076031373,-0.00105467907325,0.000136715868751,0.00500405439563#16#9#a16_s9_e3
0.000949510222504,0.0194454602365,-0.0091033760422,0.0136773887162,1.06458022583,0.606223629054,1.01117569682,0.0042070596226,0.013185606,0.0931900313159#20#4#a20_s4_e3
0.00175592716885,0.028143339704,0.000852788562053,0.0167882642997,1.45338468383,0.514742949989,0.0479286920259,0.000407138134719,0.0257214276111,0.0380635931407#19#4#a19_s4_e2
-0.000576502034138,0.00765781958568,-0.00306760031274,0.0169748415188,1.3905058746,0.495466588296,1.24726927014,-0.00426565177154,0.00449676706309,0.0695634072746#2#8#a2_s8_e3
0.00106558223054,-0.016055666922,0.00643146941001,0.0187896098232,1.41881056533,0.512760975159,1.34977345633,0.0088916718466,0.0632186589043,0.0700345554087#2#8#a2_s8_e2
0.00120125311832,-0.0107525290263,0.00418240019547,0.0209372548889,1.40381562604,0.492069470925,1.41835533706,0.00645733936358,0.03035346742,0.0738971011621#2#8#a2_s8_e1
-0.000233885715974,0.0013635425954,-0.000929914541832,-0.00197746904886,1.51554375472,1.41571248292,0.784597708872,-0.000291681696344,9.56519919667e-05,0.00450177373511#5#10#a5_s10_e1
0.000365342655928,-0.00238165422647,0.00292960153975,0.030220521179,1.3780335774,1.42247035708,1.14325609536,0.00336001893741,0.00337600371926,0.0296858617084#5#10#a5_s10_e2
0.000535642177123,-0.00261445396773,0.00423740183342,0.0270653460294,1.42323401978,1.3090811222,0.740508126238,0.00142773976797,-0.00532429992245,-3.29119905732e-05#5#10#a5_s10_e3
-4.19673766665e-05,-0.000130040840345,0.00411930483322,-0.00419286308228,0.136307858507,0.561292013481,1.35864397795,0.00798310974047,-0.0156012360099,0.0161646236346#20#3#a20_s3_e1
0.000588544274888,-0.00778253722167,-0.00110534679579,-0.0104643282584,0.924826489996,0.563207370697,1.14768668725,0.00658831468989,0.0118310552216,0.0422193546693#20#3#a20_s3_e3
0.000332073176693,-0.00515591369187,0.00959546286018,-0.0225673140351,1.58530695181,0.694352437024,0.960703524786,-0.00626739640846,0.0485279527859,0.0974074452441#20#3#a20_s3_e2
0.00365490673823,0.0328446147224,0.000710080524212,0.00862074540878,1.0649889988,0.539872701723,1.15014660379,0.00283963191366,0.0205315219101,0.0693880863005#3#3#a3_s3_e3
-0.000781352232462,-0.00774667678065,0.00360469730084,0.0113453596969,1.02120990756,0.830189816923,1.12201842464,0.000841032256456,-0.00106463504716,0.00556622144458#3#3#a3_s3_e2
-0.00181380432827,-0.000290296332409,0.000154155171424,0.0124825745339,1.129951893,0.775612633386,0.854284742366,-0.000356210394093,0.0145377201241,0.0160898842141#3#3#a3_s3_e1
-0.00221416493237,-0.00621456018925,0.0251347012024,-0.0197040490275,1.30704686446,1.18668712665,0.987602156006,0.00374090396714,0.0112935338972,0.0120823445727#14#2#a14_s2_e3
0.00223712518822,0.00322127066775,-0.00301350415686,0.00861804740604,1.40569495934,0.437903827851,2.46636782003,0.00150245405846,0.00200327407747,-0.00537363962081#15#1#a15_s1_e2
-0.000555838772799,0.0234156992731,0.00101753697804,-0.0208522512612,1.96482635036,1.09023056965,1.81627304745,-0.000260383882021,-0.00987913316748,0.0312981531015#4#5#a4_s5_e2
0.00143826572897,-0.0227457402329,-0.00237983632036,0.0101292043792,1.30262321473,0.53855299412,2.11020047774,0.0083497671999,0.00820664480313,0.0984660482768#4#5#a4_s5_e3
0.000184004675604,0.00709812807742,0.00570741179474,0.000327204577388,1.57198293588,1.02673374998,1.75330549474,-0.00188819087174,-0.00944876017559,0.0776889232134#4#5#a4_s5_e1
0.00479582940116,-0.00050353418395,0.0228392743248,0.0241928962747,1.53921322788,0.70999622136,0.921661256157,0.00324383470069,0.0359754973063,-0.00291977048641#17#2#a17_s2_e2
-0.00134623410632,0.0359613068507,-0.0100933743852,-0.0172374002411,1.26340713056,0.450940666632,1.62374239514,0.00374335523438,0.0544715090604,0.0162475055519#12#3#a12_s3_e2
0.00129923708312,0.0321422476815,0.00269149811818,0.0146800918994,1.47099994908,0.564591593621,1.79313648487,0.00624916800967,0.00865032783142,0.000449422460462#12#3#a12_s3_e3
-0.000418287956688,-0.0006182963428,0.0146902782416,0.00716736659377,1.91473996393,0.70233731984,0.660976022348,-0.000476098852948,0.0457943071251,0.0705815109154#12#3#a12_s3_e1
0.00178418286222,0.00446114445915,0.00110325959793,0.00157915370924,1.48580365174,0.360850057777,1.45399369769,0.011461890894,-0.0235321183432,0.0589711202365#10#6#a10_s6_e3
0.00181949825055,0.00526840825505,-0.00416908580816,0.00361371744553,1.44410732508,0.340489336317,1.22921191689,-0.00111803039847,0.0059429089219,0.0502904187862#10#6#a10_s6_e2
0.000544573370747,0.00291634658716,0.00548388731306,-0.00627917927999,1.49797237953,0.366711272394,1.11968007524,0.00481216633492,-0.00277745174687,0.0898530618069#10#6#a10_s6_e1
0.0011980617978,0.0110424882449,0.0145903207911,-0.0109150532102,1.41116825054,0.554690116901,0.0754948757064,0.00995707234794,0.0172075929766,0.0136610856853#17#8#a17_s8_e3
-0.00204346872915,0.00219782020018,0.00333294680746,-0.00607347995306,1.28507660779,0.976615384154,2.07522491435,0.000725125718325,0.00381310600569,0.112960833045#8#1#a8_s1_e2
0.000606977244758,0.00918843042695,-0.000946355861381,0.000578741957411,1.19687229918,0.894189503979,0.75320327464,-0.00076952607361,0.0202262501921,0.0695694042678#8#1#a8_s1_e3
0.000632864170817,0.000868106327816,-0.00142922681127,0.00645090477648,1.20755968422,0.967106395009,0.662761653567,-0.00311691887265,0.00676756317751,0.0715630437936#8#1#a8_s1_e1
-0.00102627122764,0.00297851112812,0.00431973657766,-0.0100700926357,1.47461654193,1.18168589678,1.34656184603,0.00101777386256,-0.00255121924461,0.0259621499528#3#5#a3_s5_e1
0.00105880918653,-0.0011393860196,0.00163060991704,-0.000295515763823,1.53593999914,0.651527620771,1.3227069541,0.0035345039386,0.0223870264859,0.092745217062#2#7#a2_s7_e3
0.00310706184713,-0.00170572103188,-0.00112863167621,-0.023406801079,1.49039488039,0.564745959701,1.53610394127,0.0043777723373,0.00237674403294,-0.0155544417085#3#5#a3_s5_e3
-9.10109702787e-05,-0.00090134586171,0.00160298939781,-0.00544233290262,1.69787886219,0.434698484938,1.27642876437,0.00260784217983,0.0148802575518,0.029525608102#2#7#a2_s7_e1
0.00111957044358,-0.00118258230941,0.000905891166728,0.00256994461597,1.22779175079,0.741580860325,2.42543934865,-0.000432745983459,-0.00677663964187,-0.000964366581898#1#10#a1_s10_e1
0.00170997109272,-0.0157291751354,0.00453259051429,0.0200934971856,1.31923569974,0.451120867685,1.9903250787,0.0132468316103,0.0698859723516,0.0281172954084#1#10#a1_s10_e2
0.00212355706379,-0.0351316554714,-0.000478309919959,0.0368281736903,1.21202630004,0.407011974781,2.13155618782,0.0132327573199,0.120463656941,0.0748175819133#1#10#a1_s10_e3
0.00165726652963,-0.0178398481579,0.0042705916342,0.0219704411024,1.2195558583,0.5002450426,1.8683353558,0.00491731580661,0.0662603182899,0.0489951047944#1#8#a1_s8_e1
0.000594655002261,0.00331419192082,0.00323810967957,0.0103022451425,1.26686256833,0.694306474283,1.89262770115,0.00784614809102,0.0561551020794,0.0396851551148#1#8#a1_s8_e2
0.00102782792351,-0.0126426902745,0.00729777157596,0.0249010117019,1.25779000575,0.557964918177,1.78334661993,0.00933717946454,0.0552769078024,0.0423153831247#1#8#a1_s8_e3
0.000191150083615,-0.00244477400262,0.0104668048908,-0.0109829354838,1.4095062752,1.13616222572,2.33689001618,-0.00044081591898,0.000274503022494,-0.0155217261153#16#2#a16_s2_e1
0.000181597397788,0.0253978076106,-0.000960910726112,0.0145427884847,1.46426157207,0.0955723856485,2.30527815664,0.007522214722,0.0309256267053,0.0244948275507#19#8#a19_s8_e1
0.00220774601251,-0.00262370857711,0.00445267071149,-0.0106790758148,1.40535572857,0.0273510153058,2.22414823791,0.000210047426019,0.00501934388099,0.0182911611175#16#2#a16_s2_e3
0.000517178436991,-0.00271831750962,-0.00184856049499,0.00278841518494,1.25410732225,1.0188570161,1.90728010782,0.000432596838225,0.00493812450379,0.0180014998218#16#2#a16_s2_e2
0.000833143718085,0.0115581909776,0.00147040872026,-0.0112927191051,1.31475402172,0.723112070445,1.76063529715,0.00587255440859,-0.0158193108649,0.0611529661724#17#3#a17_s3_e3
-0.00215929864789,0.00752402341335,0.00626732869443,0.0387161874349,0.840749679282,0.740695585165,2.24293909208,3.26248460733e-05,0.00929984773764,0.0198300176009#17#3#a17_s3_e2
0.00183477622769,-0.00470339902801,-0.00160241178894,-0.00788264431804,1.15911316794,0.927701060391,1.87115392114,0.00835062074665,0.00775572423688,0.00641765810481#17#3#a17_s3_e1
0.00237679684077,0.00286222892303,0.0112127490745,-0.00184742244065,1.32386006879,1.05983452454,1.64267029593,0.0021549214835,0.00965293062186,-0.0119238292501#16#8#a16_s8_e2
0.00479213285628,-0.0111731891763,0.00869443492249,-0.00603397493506,2.31747912009,1.52582037479,1.84137010258,0.00920526721136,0.0532376507074,0.029141837877#12#5#a12_s5_e1
0.00110595630074,0.00834548784402,0.00138115888317,0.0108650578517,1.51379405995,0.863824071336,2.43886742424,0.00767244578057,0.0212102988706,0.0039098110546#12#5#a12_s5_e2
0.00224484427653,-0.0202987458559,-0.00208819502753,0.00514421883452,1.52400148143,0.952803764239,2.42632222298,0.0130965533674,0.0790721938268,-0.0114121645113#12#5#a12_s5_e3
0.00108079991819,0.00161908692032,0.000230494841883,0.000268175387236,1.56219707847,0.580529343326,2.53164489843,-0.00122500071146,-0.0086187414369,-0.00190156853753#15#2#a15_s2_e2
0.00225925175513,0.0313186149748,-0.00185926957539,-0.0189861818493,1.47428694988,0.403540379851,1.82629435325,-0.0109581027787,0.0578737604827,0.027653221952#15#2#a15_s2_e1
0.000745445726957,-0.00368671040016,0.000529428096837,-0.000920119950695,1.13696113545,1.04379860987,0.223343244045,0.00675419891018,0.0123620584879,-0.00314621608337#6#7#a6_s7_e2
0.000430123944993,0.0141805332658,0.00082779972195,-0.00780317505556,1.32148429495,1.14489779379,1.60219084889,0.0022111273404,0.00969306560563,-0.00813244914693#6#7#a6_s7_e3
0.000733132107563,0.013167190579,0.00165477655702,0.025609863985,1.29118254957,1.02391145755,1.52413052082,0.00273974917577,0.00910521185768,-0.00400370884432#6#7#a6_s7_e1
0.00075047226579,0.0042546138788,0.0143037507835,-0.00587138945461,1.10260503364,1.00027050343,0.935292826729,0.00095526390712,0.00279659824759,0.0747188683228#6#1#a6_s1_e1
-0.000115223051206,-0.000685119251277,0.0297330894167,-0.0103937608871,1.07056829201,1.01626558575,0.528127398281,-0.00461763947425,0.00758264604743,0.069970271658#6#1#a6_s1_e2
0.000721498812184,0.00841321492667,0.0200914824026,0.0177956971167,1.20109274148,0.799231704491,1.28397083262,0.00418259696798,0.00977105579622,0.0405228863919#6#1#a6_s1_e3
0.00266281753635,-0.00244663872882,-0.00683799314696,0.00996834426063,1.26864905511,1.00383479048,1.36160799699,-0.00117610548521,-0.00521288229905,0.0594136405917#7#1#a7_s1_e1
0.000366635554551,0.00926346471732,-0.000973296515589,0.0286818820376,1.21227032159,0.723203161371,1.35787590328,0.00299729813791,0.0147395152829,0.0482287104235#17#7#a17_s7_e3
0.00248407410378,-0.007953980088,-0.00384029206504,0.0146329327813,1.2001436776,0.839888838391,1.42708448561,3.71344814145e-06,0.0140680691786,0.104917990553#7#1#a7_s1_e3
0.000250892692411,0.00286586409763,0.00651938854792,0.0102099794959,1.31276616395,0.87755464262,1.16608432751,0.0100714485216,0.0128229781206,0.0474622597024#7#1#a7_s1_e2
0.00818256604808,0.00778783430003,0.0200939103979,0.00417957218435,0.64152552645,1.15539916827,2.02000076992,-0.000405677309787,0.00771323507798,0.0716570447996#13#8#a13_s8_e2
0.00073488517657,0.00357645206495,0.00138122001485,0.016709342239,1.30559895964,1.17881495036,1.10549818167,0.00188176173571,0.00329887003546,0.0875926311804#7#6#a7_s6_e1
0.00153310316114,0.000226366062242,0.00234379401141,0.00387298656361,1.26356282064,0.667562616371,0.219650492474,0.00264200220318,0.0203898971427,0.0651511278167#7#6#a7_s6_e2
0.000248737741267,-0.0043953353148,0.00496447538788,0.0047989369063,1.28891716667,0.95902215566,1.30159045897,0.0111396302616,0.00372970740343,0.0694251054823#7#6#a7_s6_e3
-4.87264323718e-05,0.00276276698141,-0.00160424167176,0.0115634187319,1.81361945234,0.979425996962,0.81587095076,0.000819312030706,0.0157470720618,0.112911248913#8#9#a8_s9_e2
-0.000379554870216,0.00246142845076,0.00804204370799,0.00476788933266,1.23294304297,0.964655314911,1.4145097124,0.000624160961174,0.0160175694165,0.0310293562854#8#9#a8_s9_e3
0.000473391808343,0.000365400714756,0.00259406187612,0.000232689630225,1.44172901713,0.914145486972,1.60180609086,0.00274348053923,0.0139998233118,0.049482871105#8#9#a8_s9_e1
0.000564594781967,-0.00462934559334,0.00844585632658,-0.0119458846222,1.41034156405,0.95781246986,0.167197969307,0.00323866987778,0.00729769033666,0.00061837249079#5#2#a5_s2_e2
0.00117662623856,-0.00184369309871,0.0199561808314,0.00985676888395,1.36720540559,0.939896617778,0.743361638057,-6.8652349325e-05,0.00988307818078,-0.00609211576882#5#2#a5_s2_e3
-0.00113128821163,-0.0119998587428,0.026577902677,0.00368933075976,1.48766259556,1.15251203022,1.29478860513,-0.0035148947071,0.00234453118289,0.0967706667672#14#6#a14_s6_e1
-0.000945731109245,0.00544330672072,-0.00346297794206,0.000704122308434,0.0589945276763,0.984748019819,0.631773054904,-0.00225887754708,-0.00248746353614,0.00440337412809#5#2#a5_s2_e1
0.00323228888788,0.00622999453681,0.0172229078762,-0.0082095637781,1.28282164405,0.484260453209,2.19020606409,0.0402873430611,0.0103218340058,0.0154577719155#11#1#a11_s1_e3
0.00209505889806,0.00695792240589,0.0169373853058,-0.00953424398435,1.27355312103,0.483682045405,1.560628332,0.0185417371516,0.00994219047875,0.0216353419529#11#1#a11_s1_e2
0.00186740858608,0.00758904101315,0.0144453927314,-1.85390476388e-05,1.29924339708,0.39600063952,2.20444306469,0.000850878644462,-0.00493648298925,0.009607916016#11#1#a11_s1_e1
0.000486191290258,0.00600940461684,-0.00426141180007,0.0304031484851,1.34141897092,0.636862854084,1.29039891144,0.00205170029129,0.00435771980274,-0.00093243593381#17#7#a17_s7_e2
-0.00106031694288,0.000185442905023,0.0078689114222,0.0148122489595,1.43421094578,0.818460198676,1.34253550097,0.0055881441332,-0.00657062813457,0.0609233614951#9#5#a9_s5_e3
-0.00343820741232,-0.000173647108761,-0.00581256471445,0.017098742061,1.28975199022,1.43733878809,1.69895226323,0.000721490729171,-0.00912312466143,0.0759080936141#9#5#a9_s5_e2
-0.000481303419636,-0.00185004720628,-0.000601467017217,0.00703408212524,1.51842649026,1.32861748794,1.47274631199,0.00136669355287,-0.000966944977137,0.0700446910861#9#5#a9_s5_e1
0.000280378511882,0.000517705918941,0.00258211346081,0.0032642649518,0.123332698967,0.480037371968,2.88107181388,0.00781946336993,0.00698894503141,0.0226260315329#11#7#a11_s7_e1
0.000795885337536,-0.00176798874767,0.00475846149556,0.00316084283642,0.0460722826806,0.449960072271,2.85539929717,0.0161689190537,0.016669253624,0.00254895468449#11#7#a11_s7_e3
0.0016697241783,-0.00314962856403,0.00758620471305,-0.0036234729119,1.41007431441,0.378794946886,2.82927687537,0.0171424872144,-0.00284950018723,0.00625789216177#11#7#a11_s7_e2
0.000905785573501,0.0392837173407,0.0127753892945,-0.0301345111642,2.02877850961,0.808191879868,2.28405277997,0.00170659265645,-0.0070060313784,0.00273264974548#15#10#a15_s10_e1
0.00098186288676,0.024955443403,-0.00432613703387,-0.0280987050356,1.57749593776,0.739774488774,1.22385420052,-0.00758121907735,-0.00355607199697,-0.00771174748828#15#10#a15_s10_e2
0.00127404238725,0.0229922366813,0.00217964461547,-0.00812244294644,1.82115702203,0.235640532441,2.88282625962,-0.00834945632154,0.0890874051248,0.000150711918589#15#10#a15_s10_e3
0.00177446342622,-0.00397834560795,0.000695481574994,0.00429291191898,1.33942268646,0.834835455926,1.39196547137,-0.000205310002737,0.00162250053344,0.0931388826385#9#6#a9_s6_e2
0.0020670424981,-0.00735823476418,-0.00049119342964,0.0197193386266,1.18207165335,0.753714379152,1.45530509243,0.00778070500369,0.00985015119059,0.116230438847#7#8#a7_s8_e2
0.00122508285468,-0.00226829704402,0.00101166831354,0.0173200570264,1.19997971845,0.99250120265,0.955134498495,-0.00197445412466,0.0276890260007,0.0524094784524#7#8#a7_s8_e3
0.00276837714484,-0.00218605100143,0.00487438206674,0.0151645086839,1.52671848406,0.725877629982,0.747664117335,-0.0014071403837,0.00300881343464,-0.00922831711411#18#2#a18_s2_e1
0.00173815541444,-0.00757837923724,0.00295678288047,0.00965729699533,1.28252587883,0.139088107833,0.715272124118,0.00398030032347,0.0373353664983,0.0539211407256#7#8#a7_s8_e1
-0.000918480719667,-0.00700612728176,0.00339689492004,0.00814229246776,1.75482072309,1.44627947783,1.24850935509,0.00229229974596,0.00974877720808,0.00943472613103#4#10#a4_s10_e3
0.000501589894808,0.00347162049583,0.00517813588224,0.00637360341176,1.25541285216,1.12261222377,2.90317537081,0.00234275256697,0.00292377027041,0.00674872252355#4#10#a4_s10_e2
0.000188571935044,-0.000408228897362,0.000106785082098,0.000620086277817,1.50734435672,1.15131486278,0.189252400789,0.00195292810417,0.00259821411538,0.0140132871721#4#10#a4_s10_e1
0.000425849902118,-0.000876338931279,-0.00532810014123,0.000637923463682,1.36504741805,1.62920382431,1.4198770069,-0.00095436071419,0.00105153425689,0.0451604544652#13#10#a13_s10_e2
0.00175620054242,-0.00246456892623,-0.0178000578984,0.00625217274223,1.31322457129,1.32338947271,1.68537496185,-0.00559168178014,-0.000661306157837,0.0305520785612#13#10#a13_s10_e3
0.000700331663613,-0.00460566382536,-0.000948728403364,0.017572187905,1.30858518385,0.792092234525,0.855077036087,-0.000650699586111,-0.00401065678906,0.0920256242756#9#6#a9_s6_e1
0.000430429687364,0.0217777739809,0.00750861609398,-0.00065034204216,0.806198066302,0.687241455377,1.50788387128,0.00668805784641,-0.00879593104952,0.0552839975438#18#4#a18_s4_e1
0.000418998458238,0.0217828398981,0.00307103526077,0.00156477435642,1.044238606,0.698609073454,1.32431329156,0.00168230535205,-0.00172010327696,0.0211435176043#18#4#a18_s4_e3
0.00106874016545,0.0152658989145,0.00293247039384,0.0123509124409,1.04644835463,0.00642066858683,1.60880987069,-0.00505714092333,0.00220877342032,0.0447006326833#18#4#a18_s4_e2
0.000652698931524,0.00545058169069,0.0330139889765,-0.0144779517615,1.00179864731,0.973357060476,1.28349756992,0.00850365726748,0.0343603868718,0.0390546507976#20#8#a20_s8_e1
0.003891217631,0.00531240671349,0.0382922011922,0.0262673872872,0.847997482874,1.07354394353,1.44603036831,0.0101979853785,0.0362373567659,0.0375130964579#20#8#a20_s8_e2
0.00528558135505,0.0155860872773,0.0317156060653,0.0107666720593,1.18863569176,0.902994149336,1.45309889923,0.0106305650983,0.0312643160076,0.0363679369279#20#8#a20_s8_e3
-0.000233466119508,-0.00213931574198,0.00598925627537,0.0137499949308,1.65734517311,0.69463642249,1.86979554408,-0.00715565366737,0.000228900978852,-0.000570088523161#17#4#a17_s4_e2
0.000105477672256,-0.00717278102705,0.00742857100128,0.0183189836356,1.34352726839,0.668353176104,1.80196946972,0.0037216950429,0.0181620075479,0.0322389856416#17#4#a17_s4_e3
0.000427255755422,0.00622598016188,0.000386850140749,-0.0168962971698,1.28053727669,0.83994519745,1.57823533821,0.00165764873551,0.00356741752475,0.0653264491584#17#4#a17_s4_e1
0.00452160469006,-0.00732786631333,0.00397809743596,0.0141788406954,1.33015150775,0.070601379064,2.13475070886,-0.00351586877486,-0.00592211844925,0.0378970947804#19#3#a19_s3_e1
-0.00130141898376,-0.00354379961745,0.00801614354473,0.00640731112185,1.02181754677,0.709405418635,2.36530648053,0.0160302183921,0.00902331512444,0.0153892072312#19#3#a19_s3_e3
0.00449855972347,-0.00875028981476,0.0113855665413,0.024428247108,0.0652579369446,0.626267608191,2.56420897951,0.0152263225281,0.0157319308814,0.0134243559631#19#3#a19_s3_e2
-0.000320273261838,-0.00320182347452,0.00290117552231,0.0112836575093,1.29093439304,1.22802733601,1.81771863282,-0.00534044231096,0.00447875009325,0.0714263818128#1#5#a1_s5_e3
-0.000950492788809,0.00107835845291,0.00244027303874,0.00256830102738,1.23797110357,1.29989061495,2.83771260751,0.00303318444088,-0.000249040332795,0.0618067547934#1#5#a1_s5_e2
-3.63962681917e-05,0.000227856151684,-0.000430643561714,0.00284423832943,1.07396074315,1.2719978711,1.79550231399,0.0153766113026,0.00150710574195,0.000962894920119#1#5#a1_s5_e1
0.00102400126987,-0.00950282414999,0.0303623764965,0.0060615059912,1.27042961602,0.785853320426,1.05758797911,-0.0109305739098,0.00918480772826,0.00755006083144#17#2#a17_s2_e3
0.00338902123037,-0.00287007266161,0.00136361630858,-0.00102410044163,1.3343127887,0.571217516364,0.144004134402,0.000683653142147,0.0031228170058,0.000630016597813#4#2#a4_s2_e3
0.00433580256729,-0.0218383690797,0.0103855278631,-0.000955848068157,1.47913432547,0.583184241528,0.142163574358,-0.00141981269215,0.0669103580183,-0.0195441522848#4#2#a4_s2_e2
0.00259726913689,0.00200867054241,-0.00305352274648,0.0016023918313,1.18023062645,0.680606718997,0.0522089759952,-0.00125717206026,-0.00580302512256,-0.00249283401822#4#2#a4_s2_e1
-0.00173856600649,-0.0185648565419,0.0108161679145,0.00537932741246,1.50330820658,1.10200029937,1.61075527368,0.000865339424384,0.00308790633787,0.0113116672193#16#6#a16_s6_e1
-0.000357699511493,0.00108981520798,0.0166631449604,0.0100693709843,1.79161307396,1.02806520572,1.36959480315,-0.00112093315294,0.00591400677635,0.0349187980435#16#6#a16_s6_e3
0.000338651814233,0.00923763360414,0.0319455031974,0.0011406002574,1.42957030888,1.13781825314,1.19713871056,0.000261090655125,0.00739115188477,-0.018483030749#16#6#a16_s6_e2
-0.000500735877659,-0.00101220135122,0.019307532187,-0.000228747789315,1.14933330271,0.944106882458,0.834398184578,0.00897583680965,0.00641218289066,0.113549577195#9#3#a9_s3_e1
0.000398256333611,-0.00700332690814,0.00517418989314,0.0148542617365,1.10320745865,1.21338684349,0.147115774185,0.0045250722357,0.00882292748392,0.104639881026#9#3#a9_s3_e3
0.000520782712458,0.00371513143163,0.0182294220942,-0.00490065745251,1.04044622161,0.993845257568,1.19920541199,-0.00223697772765,0.00351526321179,0.0376755433284#9#3#a9_s3_e2
-0.00210299060475,-0.00690943761323,0.126928846018,0.0348891212923,1.55763797405,1.05810516352,0.724344989591,-0.00191087796605,0.0042388346672,0.158782720277#14#10#a14_s10_e3
0.00311428122622,0.0082113049524,0.0511341940023,0.0312728771149,1.24463587551,1.71607740022,1.19635242841,-0.013113502195,-0.00383064245552,0.0583938872294#14#10#a14_s10_e2
0.000686279002354,0.00115213061265,0.0173312051301,0.0121279431019,1.58374446675,1.2687439378,1.27514465538,-0.000365741705262,-0.00237762582199,0.00543534129335#14#10#a14_s10_e1
-0.00262338369895,0.000186159071108,0.00249885448414,0.0168313453469,1.6678906268,0.525360417538,1.4131956123,0.0178531581931,0.0134731092975,0.013421718506#10#10#a10_s10_e3
-0.00201656547094,0.00747216352772,0.00103128666611,-0.00478923663179,0.850305558796,0.559134685057,1.26288806322,-0.0143992447953,-0.0340370152203,0.181529719081#10#10#a10_s10_e2
0.00173169755946,-8.10531285264e-05,0.0018988174863,0.000692913936353,1.78545953725,0.777588793801,1.56550046449,-0.00370945383097,-0.00697301286112,0.0265087795675#10#10#a10_s10_e1
0.00011488490841,-0.00232938987988,0.0162211793911,0.0103186786613,1.08408769362,0.675348410218,1.67982949634,0.000124867511288,0.0474224412898,0.0169224581893#1#3#a1_s3_e1
0.000518273644156,0.00148419438452,0.0236292179953,0.00890630191925,1.4285345618,1.10631547266,0.764963833642,-0.00274024079418,0.00653108078913,0.082991176343#14#6#a14_s6_e3
0.00051201802175,0.00554517566787,-0.00826067863046,0.00901461961061,1.03052504124,0.706740145752,1.24919051549,0.00748706056641,0.0461137958728,0.0627099237086#1#3#a1_s3_e3
0.00122594779083,-0.0157879664883,0.0279709988824,0.0220381797757,1.05483224298,0.542919014168,1.58035786917,0.016417529851,0.0771608766534,0.0906652259154#1#3#a1_s3_e2
0.00235586988217,-0.00624193342477,0.00244449275316,0.030563102924,1.09610329596,0.706430662741,1.30857617062,0.0104092186231,0.00427057106068,0.0227956852309#6#3#a6_s3_e2
0.0019030069227,0.000982487917544,0.021452105613,0.000254161041033,0.961281849328,0.578651995549,1.82869883408,0.0153901643486,0.0237559534143,0.0060383353407#6#3#a6_s3_e3
0.00160722520542,-0.00313926164854,0.0420852684583,0.0137085587964,1.0541577867,0.687945731003,1.13774285424,0.0201184200694,0.00882834999028,0.0195803271242#6#3#a6_s3_e1
0.00179596241269,-0.013764024755,0.0142898871014,0.00864815573788,0.952577177818,0.527799845359,0.175801940387,0.0102456664274,0.0342392419045,0.0633485338003#6#9#a6_s9_e1
-9.68509871705e-05,-0.0129012628256,0.00453352384047,0.00964714553943,1.21716308744,0.0912650228073,0.833018546189,0.0132253372966,0.0416635462659,0.0315067804692#6#9#a6_s9_e2
0.000237563683815,0.0065020912762,0.00187222716513,-0.00549310913492,1.1298453668,0.801262236691,0.550735815262,-0.000440838502285,-0.00444581495,0.0302626826762#6#9#a6_s9_e3
0.000575874236846,0.00195311048535,8.53338319284e-06,0.0345128249436,0.935183874534,0.870274840757,1.63572679945,-0.00483310070206,0.00125615475371,0.00291971015502#18#8#a18_s8_e1
0.00119281483748,-0.0043839519395,-0.000745652743477,0.00541687189538,1.51692473139,0.387781475803,1.1485483688,0.00209098589122,0.0258244730715,0.0185257487251#7#2#a7_s2_e1
0.0018358050284,0.00104025124347,-0.0056522522023,-0.00584926186764,1.25847023619,0.565644577198,0.0349057033386,-2.86955102451e-05,-0.00125374371957,0.00696197290016#7#2#a7_s2_e2
0.000524479175316,-0.00450038014385,0.00572079231999,-0.00637023872297,1.43173574663,0.680292152919,0.142201773105,0.00918284466232,0.0299087933575,-0.00611235183448#7#2#a7_s2_e3
-0.00189776284391,-0.00435869577754,0.0160771768151,-0.00423309646811,1.37397909282,1.06661877885,1.82781459123,0.00249748486477,-0.0111640856331,0.00215793838721#16#5#a16_s5_e2
0.00103204413054,-0.00220809578753,0.00816416815225,0.0124729833608,1.51426987933,0.703510217893,1.14161908624,-0.0016166303616,-0.0135166706526,0.0225928178756#17#5#a17_s5_e3
0.00148264971099,0.0192973238804,-0.0020609423919,0.0172223497039,1.5229390413,0.737146272468,2.67787344538,0.00894598398661,0.0222421059779,0.0382038579272#12#8#a12_s8_e3
0.00160590524448,-0.000216927122256,0.000997467466382,0.00415441588178,1.59647240859,0.308974090552,1.24217930586,0.020235757997,0.0216138967235,0.0312106692275#10#8#a10_s8_e1
0.000407001666179,0.000358919976295,0.0126056814286,0.00416385477432,1.1674347594,0.254267764286,1.91988696729,0.0198525007983,-0.0185482857518,0.0324860760627#10#8#a10_s8_e3
0.000162240512787,-0.00185365450308,0.00257519117386,0.00174578208203,1.43485500719,0.293389774366,1.35197635872,0.00838634815003,-8.00206032791e-05,0.03423017987#10#8#a10_s8_e2
0.00312947352733,0.00391524652832,0.00947021180639,0.00755268338032,1.1910876733,0.165347839227,1.33439614385,-0.00302936598493,-0.00240216098274,0.0530831267749#8#8#a8_s8_e3
0.0011670774889,0.00801453935713,0.009730436057,0.0112099562194,1.22835096784,0.751726954624,1.34626057199,-0.00103371528032,-0.00601436125673,-0.00173891915868#17#5#a17_s5_e2
0.00110717332493,0.00985972352598,0.0196193610452,0.0283422965532,0.0872856662125,0.785759553171,0.665341015962,0.0190307008381,0.0390642455167,0.0656195437033#20#1#a20_s1_e1
0.00162159609066,0.00271034832467,0.005213071154,-0.00665301507298,1.69011219019,0.442965503511,0.883268576218,0.00946578408648,-0.0109351901517,0.0664619672233#10#7#a10_s7_e1
-0.000256056745656,0.00938731782812,0.0143911063595,0.0170672084144,1.51000083755,0.6413589624,2.00951094004,0.0153036675856,-0.000957217373983,0.0308333169505#15#6#a15_s6_e2
-0.000808044646464,0.000540938092417,0.0124133860225,-0.0179774791466,1.50815457071,0.491836482011,1.27925436405,-0.000949040596636,0.00276340013201,0.0155938114465#15#6#a15_s6_e3
-0.000985745088058,0.0146681653134,0.0138620704855,-0.00398641167924,1.37241286223,0.526257216934,1.6526334596,0.00114083295367,-0.00258244898026,0.0238997363322#15#6#a15_s6_e1
0.000643783596452,-3.95815905104e-05,0.000823086011219,-0.00137419249608,1.44771271251,0.384250861951,0.973986837509,0.00170108262517,0.000627121669545,0.00921408550633#10#7#a10_s7_e3
0.0134687215622,0.000511965883247,0.000516109053296,-0.000432123608991,1.37990054963,1.47246973342,2.02651200188,0.000768806943016,0.00152330670456,-0.00655536520233#13#4#a13_s4_e2
0.0132471212363,0.00232635024537,6.09620289911e-05,0.00331414917575,1.45940224269,1.68742404931,2.07160299426,0.000163027037036,-0.00708740350929,0.0252892054815#13#4#a13_s4_e3
0.00907463049716,-5.81166573589e-05,0.00090319906685,0.000380435703643,1.43409729079,1.38805747234,1.32933649206,-0.00180823085934,0.00123588539009,0.073026798641#13#4#a13_s4_e1
0.0168038147019,0.0012992501532,-0.00773962881176,0.00512739356034,1.19536335068,1.16623022938,0.933203165672,-0.00228825795863,0.00339910157182,0.0385604215419#13#2#a13_s2_e1
-0.00293432280796,0.00582731142039,-0.00271486198995,-0.00788852649252,0.641360414474,1.14233120726,0.514865934419,-0.00571890019033,-0.0095377777714,0.061182217598#13#2#a13_s2_e2
0.0166219264464,0.00308340679629,0.0190893801516,0.003446399027,1.30983145394,1.10117155002,0.314062723426,0.0222103152798,0.0050693829432,0.024661401201#13#2#a13_s2_e3
-0.00154640896996,0.00215720872466,-0.000841747442256,0.00194585734236,1.49917751203,0.556867701833,1.29491042253,-0.00243024118034,-0.00482377563437,0.0112717744489#19#5#a19_s5_e3
0.00443841123364,0.00736700843748,-0.00140117861263,0.00075570722398,1.34613642209,0.602676929999,1.91735605528,0.00257267151732,-0.00613667057487,-0.00311390760407#19#5#a19_s5_e2
5.39345075595e-05,-0.00168339769928,-0.000692398435442,-0.00169687673944,1.46315620614,0.642829790222,1.80448183346,0.00128561972955,-0.0088962446846,0.0267309470451#19#5#a19_s5_e1
0.00166811125147,-0.00202486932137,-0.000819380971735,-0.00789273004216,1.56982802396,0.90321292885,1.45725360749,0.0024816206535,0.0229725770052,0.0205386207795#17#9#a17_s9_e1
0.00112866302452,0.000494788733289,0.0104719745084,-0.0189520384007,1.08044235795,0.805588868566,0.940595182444,0.00587309022245,0.074108645848,0.0102454145641#17#9#a17_s9_e3
0.000609509381241,0.00231085158892,0.00267379355148,-0.00454724380026,1.17766265174,0.750000417196,1.48303668935,0.00340048574508,0.0235509431808,-0.0245408450772#17#9#a17_s9_e2
-0.000119813305642,0.0226524759665,0.00139408695332,0.0036943213243,1.74653049546,0.819144413343,2.60285448801,-0.00017436027174,0.00610446295358,0.00753506197763#4#9#a4_s9_e2
0.00110159777364,-0.00730557329419,0.00433435681974,0.00126882597778,1.63796823449,0.0388535067641,1.73055194975,0.00514612453202,0.031158152273,0.0160172151494#4#9#a4_s9_e3
0.00139153065353,0.00228433453252,0.00892158395452,0.00778227841342,1.33315275869,0.737241494799,1.94764372261,-0.000452945887907,0.0295973313807,0.0104883645937#4#9#a4_s9_e1
-0.00316990700693,0.00233279107036,0.0375666735315,0.0252069412052,1.7904456187,0.753994585314,1.02257502094,-0.00597079293214,-0.00599215488176,0.0329238906409#14#9#a14_s9_e2
-0.00137352193038,-0.000522450307782,0.0253223443496,0.0114491045834,1.49087677237,1.26563536202,0.508432807223,0.00738943552474,0.00430728473191,0.0401009673159#14#9#a14_s9_e3
-0.00122626975139,0.0355542966504,0.0659638575104,0.0701639171436,1.72718712339,1.61125730585,1.68417722939,-0.00732751581132,-0.00724635244441,0.203147790261#14#9#a14_s9_e1
-0.000550910124443,0.00175905630074,0.00156799794368,-0.00411652091607,1.47146180216,1.26059568831,1.38952757574,0.010606026395,0.0122375446263,0.0672366585412#3#7#a3_s7_e3
0.00274938767981,-0.000585583221869,0.0050580719715,0.00392961095847,1.48366832152,1.14087746901,1.34694610459,0.00715447010202,0.00548202821859,0.0619283211839#3#7#a3_s7_e2
0.00281911180723,-0.00285294683328,0.00499883023747,0.00596389232658,1.74502530321,0.950003281241,0.880925240898,0.00464218705761,0.0146828230258,0.0755843317202#3#7#a3_s7_e1
0.00294042164981,0.019524457701,-0.000158689328117,0.00149944576276,1.50276851017,0.583874567936,2.72179104533,0.000865746549835,0.0418958026164,-0.00188667536057#12#7#a12_s7_e2
0.00175079799719,0.01440894655,0.00526553008718,0.000955625192113,1.47335477058,0.665857268677,3.00249905066,0.000316236490571,0.0499165182611,0.00146207856948#12#7#a12_s7_e3
0.00037774773394,-0.00255391103129,2.44544585513e-05,-2.26149846941e-05,1.42196451867,0.688365294104,2.96512206832,0.000512205309074,0.012395110283,-0.00352241167573#12#7#a12_s7_e1
0.00166045888699,-0.0027802683074,0.000524856016022,0.008500507145,1.26040489072,0.976405323986,1.31831956029,0.000301151631051,0.00770419420353,0.00443980340062#8#4#a8_s4_e1
0.00260265375672,-0.00621087990399,0.0027075525749,0.0117300910057,1.32030099091,0.885986151199,1.33974649448,-0.00261842621115,0.00142222131055,0.0677876329406#8#4#a8_s4_e3
0.00308127415753,0.00111223738245,0.00454437585774,0.00468969219972,1.37347130914,1.10917919529,1.42289564655,-0.00151228507485,0.00118711590595,0.0157995726194#8#4#a8_s4_e2
0.00254883227857,-0.0179804674047,0.00036592773508,0.00643622293373,1.48198035249,0.885399795637,2.04736838944,2.23760702539e-05,0.000677037520841,0.00546362365337#16#9#a16_s9_e2
-0.000304313937958,0.0015672923472,-0.00119728168977,0.00484244009885,1.17346117566,0.920632398048,1.37672777908,-0.000910152798495,-0.00370474059656,0.0204422919541#9#8#a9_s8_e1
-0.000731768366811,-0.00767917594768,-0.00300837512002,0.00188503042718,1.43578009906,1.13545505169,0.771591950399,0.0046514381017,0.00986082924251,0.116373545493#9#8#a9_s8_e2
0.000159249063172,0.00123429088762,0.00803441074484,0.0140059465461,1.21939705413,1.07744125449,0.636471432378,0.00451237685843,0.00654713315344,0.0423837744416#9#8#a9_s8_e3
0.00158703530052,-0.0018322828523,0.00873032979943,0.00861203797681,1.28885876493,0.358076092289,1.20174015889,0.00918197145753,0.00885671008455,0.0350488193769#11#3#a11_s3_e1
0.00192667303951,-0.0151482922693,0.00205572024763,0.0221533098005,1.58086187518,0.133881518797,0.0581873572351,0.0105294229564,0.0510943766359,0.00521187439577#4#1#a4_s1_e3
0.00194598998552,0.00155224086542,0.0081278503042,0.00874222155815,1.008093081,0.357648867727,0.935819036479,0.00906747660479,0.00817149168448,0.0350071223086#11#3#a11_s3_e3
-0.00060412874077,0.00142909014139,-0.000728072503572,-0.00479233739664,1.15180711351,0.352063080753,1.43282119302,-0.00225128411458,-0.00786728108019,-0.00398633428372#11#3#a11_s3_e2
0.000421867002483,0.000847152468445,0.00153373397898,-0.00164204774714,2.04480368189,1.07359184715,1.87265895817,0.00198826603802,-0.00530058220529,-0.0166959348026#10#5#a10_s5_e2
-0.00545338763819,0.00290487495179,-0.000816815280485,-0.00350290361255,1.68103867148,1.9919081523,1.70331572727,0.00328771345893,-0.000881315737904,0.114399823781#10#5#a10_s5_e3
2.64687696194e-06,1.9638530187e-05,0.000619742265682,0.00288762315407,1.4954322101,1.27085765391,1.7133286073,0.000850182834336,-0.00393358566234,-0.00969296496121#10#5#a10_s5_e1
0.000453228349294,-0.00111248564093,0.00575168731811,0.00710327781853,1.05859792573,0.995077688569,1.01150208559,0.00178843975065,0.00561658121102,0.027472213578#6#5#a6_s5_e1
0.000655512053975,-0.00175263947756,0.00769463542158,-0.00981588076438,1.45770449263,1.05443570517,1.01611554818,-0.00100585818827,-0.00882916072838,0.0148848909887#6#5#a6_s5_e2
-0.000223909582784,-0.00384586037749,0.00169266641355,0.0101281076687,1.23317520059,0.863799250008,0.77040027065,-0.00341311164404,-0.000729232087519,0.0597074884179#6#5#a6_s5_e3
0.000900509312669,-0.0109182357801,0.00114293698824,0.0156410881705,1.38312322941,1.10911914834,1.36416088884,-0.00676603874704,0.0049079729396,0.058766853983#6#10#a6_s10_e1
-0.0010851772751,0.00258312732491,-0.00101686930475,0.0200180465188,1.33120387268,1.46767082404,1.13402798222,0.00205430193276,0.00154410996456,0.0040079201058#6#10#a6_s10_e3
-0.000441968013783,0.00254317304994,-0.00015220739887,-0.0140059756824,1.10741776129,1.34079486075,0.227187069349,-0.00337490849008,-0.00341620986081,0.0422595759921#6#10#a6_s10_e2
-0.000470517827967,0.017750368598,-6.45985508411e-05,0.0197058585453,1.24063413659,0.746080217751,1.67576024703,-0.00297236706393,0.000359124171554,-0.0128147800514#17#6#a17_s6_e1
-0.00100279287229,0.0309711537244,0.00328339841254,0.0308413863384,1.34156461073,0.707448465633,1.77166398953,0.00282379312703,0.023688563207,0.0157607355348#17#6#a17_s6_e2
0.000107724838504,0.0225303471847,0.000739649763391,0.026018218066,1.35798967437,0.750633299573,1.01156988558,-0.00287135705126,0.00559290644946,-0.00317040354753#17#6#a17_s6_e3
-0.000293519904685,0.000209619144717,-7.62968778736e-05,-0.00730946124467,2.08786587815,1.09262043331,1.26853381682,0.000537967887196,-0.000300237311969,0.0726142597296#3#5#a3_s5_e2
3.56287919318e-05,0.00115359419422,0.00528413809893,0.0114959763046,1.17433063082,0.973926574365,1.17185754891,0.000758141573252,-0.00539893342018,0.0425869135301#7#4#a7_s4_e2
-0.00123057844691,0.000265585510269,0.00793435011802,0.0155093905315,1.26015609536,0.75454205184,1.08273582584,0.00538752237094,0.00121724473394,0.0592017179137#7#4#a7_s4_e1
0.00950098429157,0.00150457514946,-0.00420858292436,-0.00514520913865,1.07953848724,1.23232789818,1.70517805193,-5.98542080601e-05,0.0150410413547,-0.000449399106546#13#7#a13_s7_e3
0.0165373663655,0.00303267460695,-0.0155948510277,-0.00588825044742,1.83881987248,1.39517879839,0.636801907569,0.00317856029279,0.00411247794923,0.064314567253#13#7#a13_s7_e2
0.0153143145419,0.00416807516768,-0.0138857560939,-0.00672426331608,1.24451258324,1.26251474231,1.70748448,0.0080091854376,0.0210877234151,0.0879690140841#13#7#a13_s7_e1
0.000255900716343,-0.00523991089485,0.00609739022391,-0.0262671499545,1.17900348869,0.731143104703,2.15905461634,0.00191972750307,0.0442804832986,-0.0173570460366#12#10#a12_s10_e1
-0.00249614456718,-0.00399994802889,-0.00623112346479,-0.00937605333659,1.84236780408,0.678619977074,1.29694021023,-0.00236259734225,0.065820871161,0.0465032508248#12#10#a12_s10_e3
-0.00478046742384,-0.0146774708337,-0.00976539507912,-0.000112716949878,1.47789669711,1.01686710462,1.05254125758,-0.00335068910374,0.0157932341851,0.0686957727344#12#10#a12_s10_e2
0.00646898364813,0.00814489430958,8.44899497669e-05,-0.00806511643149,1.33464961878,0.422728049165,0.631339929343,0.00546919780755,-0.0266170930676,0.1090575087#11#5#a11_s5_e3
0.00537198932375,0.0247513074228,-0.0113789829518,-0.0110623137375,1.03333587322,0.642037900318,0.697115109276,0.0222189249371,-0.100485268472,0.177981061098#11#5#a11_s5_e2
-5.67621235541e-05,0.000240000070548,0.00113587274944,-0.00213112868525,1.38137208201,1.09938810154,1.18602885899,-0.00446602422737,0.00194188372348,-0.027719945854#11#5#a11_s5_e1
-0.000377912580318,-0.00245986366808,0.0076621702005,0.00715832260079,1.64069267884,1.38175233975,1.8978209355,0.00207790356229,0.00612785841238,0.0292618356678#8#10#a8_s10_e3
-0.00217226780893,-0.000146808205412,-0.00627033093182,0.0120956284632,1.47597031273,1.13809291714,0.201144278894,-0.00246936319888,0.00193670721481,-0.0105648495153#8#10#a8_s10_e2
-0.00286879031681,-0.00408417346739,0.00479191305387,0.0247457907251,1.67777847932,1.1957212252,1.08630734781,-0.00301490106697,0.00153287724257,0.0913861167866#8#10#a8_s10_e1
0.0011636483672,-0.000575212354757,-0.00388734764535,0.0229512933088,1.83150671575,1.13005439439,0.75915055717,0.0045679574157,0.0148635564267,0.0860526703824#3#9#a3_s9_e1
0.000842957424508,-0.00275487477279,-0.00424112737068,0.0195866847663,1.42163957967,0.915892512166,1.43397570117,-0.00498181405981,0.013921266198,0.0467805098719#9#6#a9_s6_e3
-0.000538589809108,-0.00354287231052,-0.00176194684882,0.0163868737696,1.09538109558,1.36455997912,0.491668627377,0.00584566250014,0.0120885499846,0.0457459807976#3#9#a3_s9_e3
0.00112102641808,0.000791725186548,0.00210433463984,-0.00284530058503,1.41210864453,1.11965020059,1.10968425354,0.000526618263302,0.0047678591643,0.0400781234946#3#9#a3_s9_e2
0.00227707214675,0.0018421092802,0.0113856850585,0.00878312724826,1.37652856672,0.57413769216,0.159512132093,0.00504296033787,0.0481239129822,0.0273237308334#19#7#a19_s7_e1
0.0024425315106,0.0015903340213,-0.00323106165561,0.0214689427452,1.42793698778,0.620330702807,1.5575363443,0.00127494814654,0.0129227633194,0.0483154670933#19#7#a19_s7_e3
0.00501012135871,0.000126824041893,0.0107379645818,0.00186638258868,1.18162814718,0.654729202317,1.75298249446,0.00475453204066,0.0255627538705,0.0660321387858#19#7#a19_s7_e2
0.00284088062508,-0.000156447014299,0.00895749979054,0.0305729229504,1.29555089963,0.574355357388,1.17913465008,8.35035031918e-05,-0.00361697186323,0.0397812115309#10#3#a10_s3_e1
0.000937334125355,0.0102384992009,0.00671662767546,0.00962153914144,1.19817557144,0.605061843729,1.36104055043,-0.00778832578168,0.0133171318937,0.0898654637661#10#3#a10_s3_e2
0.000750414321348,0.00340510966883,0.00525686180516,0.00289079823133,1.9244132014,0.581860481989,1.03211884021,-0.010484693439,0.00880755778166,0.0368144423773#10#3#a10_s3_e3
-0.000741963605021,0.00404084583133,0.0105969755334,-0.0117875470765,1.35427191766,0.942904823992,0.0295744783046,0.0039972226338,-0.00446426574641,0.0200893369869#16#5#a16_s5_e1
0.00150994459517,0.00208015446682,0.00490886643778,0.0285134481957,1.24892642068,0.571164666196,1.04168898892,0.00558067502554,0.0612817453671,0.052550113545#2#3#a2_s3_e2
0.000823662376418,-0.00252915605914,0.0100457484723,0.0302380127646,0.0440252801984,0.50779646804,1.18837069467,0.00244604049494,0.0264260263898,0.0980520914352#2#3#a2_s3_e3
-0.000410529812721,0.00072094553668,0.00291369328853,0.0275161025816,1.32440959014,0.501895558554,0.919190249003,0.000506016888545,0.00216914447777,0.0653793964548#2#3#a2_s3_e1
-0.00244994537531,-0.00789878514368,0.0192703892202,-0.000962567137012,1.63826207224,0.885236292464,1.51192272468,-0.00373686839113,0.002117413318,-0.00957555783851#16#5#a16_s5_e3
0.00250101882504,0.00217202292141,0.00278010552774,-0.00288580795658,1.38186209146,0.528859801117,1.73687675429,0.00389497724236,0.0115889706038,-0.0101681737669#17#8#a17_s8_e1
0.00144218898372,0.00139576618055,0.0172170616935,0.0264667626612,1.13853416067,0.521203892523,1.84462436433,0.0137805451454,0.0242136688691,0.0451360720744#18#6#a18_s6_e3
0.000811090520814,0.00757323053816,-0.00389388455532,-0.00186045948533,1.16644198569,0.613920153636,1.66989033223,-0.00226205658741,0.00228826207967,0.0724977315833#18#6#a18_s6_e2
0.000430674764205,-0.00721213488609,0.00442992223726,0.00313120886303,1.17979433439,1.22654600443,0.614674166264,0.00056872069742,0.0216796748697,0.00112424594325#18#6#a18_s6_e1
-0.000821491876069,0.0325575094513,-0.000127168250736,-0.0120969119709,1.42381137564,0.461805918525,2.18265689857,-0.00461904204913,0.00402057145216,0.0434995657155#19#8#a19_s8_e2
0.00293210427683,0.0309819278943,0.00468465422042,-0.00217833620995,1.41139002467,0.527325480366,1.88934732269,0.00280894913842,0.0462094201246,0.023313753568#19#8#a19_s8_e3
0.000637963124097,-0.00802070814844,0.0172945024679,-0.0179640799801,1.30349067841,0.745672057798,0.276236271376,0.00630890852447,0.0586358724083,0.0224744350595#3#1#a3_s1_e1
0.00386083957181,-0.0095864064878,0.0338139486316,-0.01482534423,1.36486467163,0.806354085535,0.616343790245,0.00313667229968,0.0754404650897,0.0405925537816#3#1#a3_s1_e3
0.00128392672527,-0.00678928881404,0.0316813407173,-0.012149963523,1.7004721201,0.595503301539,0.587146032623,0.00593675953741,0.0407435402858,0.049988870122#3#1#a3_s1_e2
-0.00160632120334,0.00892892072002,-0.00168560479963,-0.0290217278466,1.56372369002,0.749828681519,1.53251777818,-7.39991992878e-05,0.00450191423562,0.0046195503834#12#9#a12_s9_e1
-0.000394403073423,-0.00792892985662,0.00357403196904,-0.0136942530953,1.89680493755,0.69766733989,1.71628794576,-0.00218126613498,0.00344486174592,0.00174651346696#12#9#a12_s9_e2
-0.000224550014918,0.00445693972437,-0.00487967155651,-0.0183486458886,1.52560472741,0.755091050902,2.558410165,0.00109029239127,0.0258149775991,0.00642176648752#12#9#a12_s9_e3
0.00444118294648,0.019130719579,0.018151672658,-0.00463080892214,1.26949894475,0.650337874418,0.798200148675,-0.00231129227675,-0.0145329236943,0.0160615478138#17#1#a17_s1_e1
0.00342054802129,0.0130958955121,0.0188441798602,0.0183846739561,1.2794164826,0.694129516028,0.125829525022,0.00975937801567,0.0154390532648,0.043706428775#17#1#a17_s1_e3
0.00076690412416,0.00790685490517,0.0187673071049,0.00857319382286,1.19137447776,0.743534686807,0.918386731453,-0.00306318535439,0.00349107973642,0.0382097072111#17#1#a17_s1_e2
0.00158630850925,0.0201212668977,-0.00832309587476,0.0299457143883,0.658464728761,0.620971495554,0.922268705625,0.0174238184593,0.0283654864811,0.115128367652#18#3#a18_s3_e3
0.00211050441711,0.0175721207401,0.00674901931143,-0.00421695803991,0.0623497288115,0.436280158786,2.86941528823,-0.0103078313174,0.0229538185006,0.0405418597675#12#4#a12_s4_e3
0.000954097747141,0.010538224342,0.0622558750371,0.0273529018193,1.39541542507,1.14420420887,1.01920130708,0.0011297988777,-0.00182736539189,-0.0158251910831#14#4#a14_s4_e1
0.00122407754225,0.0113360490776,0.000708268479198,0.00235496389452,1.42082391418,0.0294666629596,0.5372904297,0.00191781756479,-0.00114877579847,0.0155781680845#14#4#a14_s4_e3
0.00145433640218,0.00639610022613,-0.00175508678709,0.00271544204329,1.4101432107,1.12536246352,0.972131936244,0.00109012316018,-0.0068082316757,-0.0139270690244#14#4#a14_s4_e2
-0.00242877571905,0.0144880232482,-0.0122534932073,0.00640780823051,1.59219330486,0.598859422463,2.3328945582,-0.000349923051534,-0.00244980181045,0.0298950067172#12#4#a12_s4_e1
0.00252781485414,0.00895749453452,-0.00740327207722,0.0265016856761,1.1605710147,0.858442448732,1.29445030383,-0.000393374742861,-0.0083355675898,0.0168298682456#20#2#a20_s2_e1
-0.000644895062738,-0.00165185645212,0.0057331011136,0.0355829885693,1.19396782766,0.737415914254,1.66580176787,0.0103985664355,0.00510935809745,0.0104376490084#18#8#a18_s8_e3
0.00358605241473,0.0047522361169,-0.0157611924024,0.008627896873,0.0994658466607,0.908624692542,1.35032475246,0.00757019354398,-0.00222068997314,0.0684233494606#20#2#a20_s2_e2
0.00548594862502,0.0109074180094,0.0145860477217,0.0294447159716,0.107379389532,0.861648157825,1.23775500304,0.000177141845301,-0.0103782402182,0.0328932574018#20#2#a20_s2_e3
-0.00146298496631,0.000944071136856,0.0223833191415,0.00580881522192,1.0887800357,0.804354184399,1.7361313642,-0.0088146803364,0.0384119341509,0.0261446005815#18#8#a18_s8_e2
0.00768154792387,-0.00894437287677,-0.00996062099977,0.0230082538964,0.0885035725029,1.07482997834,0.93390298215,0.00790732482818,0.00372996556992,0.05060375446#20#10#a20_s10_e1
-0.00405792153877,-0.00797397613113,0.00470597153305,0.00700152143998,0.0495568187543,1.25063935228,2.02657448902,0.00328941095162,-0.00108046507682,0.0567959951431#20#10#a20_s10_e3
0.00114339212189,-0.00620602122588,0.000787527135148,0.0209340481174,1.30794630722,0.741781153614,1.25828660235,0.0035628417793,0.0249758984674,0.0571058434002#4#6#a4_s6_e3
0.0012450714009,-0.0158324462106,-0.00941118728207,0.0061316960202,1.3266258056,0.926115343278,1.01487852689,0.00869976430522,0.025140442621,0.0892897066879#4#6#a4_s6_e2
0.000842461044593,0.00678085562404,-0.0198160329996,0.0324466673592,1.25630511494,0.888114982568,0.373790564708,0.00847100047032,0.00060325729795,0.112322035588#4#6#a4_s6_e1
0.00128214554127,0.00953065774732,0.0190444448481,0.0181995756191,1.07288779777,0.930135946494,1.37617951135,0.00125401752732,0.00503326421368,0.0980875104035#7#3#a7_s3_e3
0.0013664982297,0.00490999939302,0.0190649718907,0.0177068016708,1.17238784229,1.087200576,1.1809065408,0.00275754747568,0.0014397885305,0.089457794708#7#3#a7_s3_e2
0.00097472510499,0.0115041293308,0.00534914999191,0.00760409693422,1.2121842231,0.996287341056,1.24355748923,0.0025417708092,0.00218058134043,0.0536316543138#7#3#a7_s3_e1
0.000632612642035,0.00476021768875,0.0059794516952,0.0360887450542,1.22578030857,0.842496026203,1.6921951093,-0.0020033020252,-0.0011578321586,0.0206176211465#18#9#a18_s9_e1
0.00450589260862,0.00704244201735,0.0198160196946,0.0168834342501,1.04358607386,0.571536319279,0.161323424575,0.0103403236003,0.0565714016488,0.0641541286042#20#7#a20_s7_e1
0.0170940929759,0.00284948337919,0.00123754810403,0.0052709077047,1.38679086189,1.17284706346,1.83075121353,0.000160383441047,0.000852339816508,0.0102519148695#13#1#a13_s1_e1
0.0132015146003,0.0155562438404,0.0228060417382,0.00412390727385,1.1876681783,1.04840206022,1.74762951335,0.0032809875973,0.00224898215972,0.0673507253944#13#1#a13_s1_e3
0.0159510965189,0.00249512161856,-0.00238625286053,-0.000811809435735,0.773778744082,1.19866453689,1.67475570523,0.00161724936679,0.00456719050687,0.0174908744834#13#1#a13_s1_e2
-0.000627698594433,0.00147559546008,0.00470475726755,0.00880194576726,1.33392147831,0.851946849157,0.962887458105,0.000957484429223,0.0132753907109,0.0530268399063#8#2#a8_s2_e3
0.00117960420089,0.0043940919214,0.0032084864578,0.00252997202598,1.30426834655,0.662087693318,1.23751214085,-0.00486170118785,0.00287147431104,0.0169105935226#8#2#a8_s2_e2
-0.00282643938153,-0.00310381348218,-0.000282843630079,0.00844034785088,1.22271832681,0.911303799809,0.185053173761,-0.010659197054,0.00818043210818,0.108044983233#8#2#a8_s2_e1
0.00155807536439,-0.00310258794927,0.00390984430307,0.00814547657299,1.4052305092,1.31699750797,1.49307306256,0.00507274712581,0.0309353736903,0.0922778033428#7#10#a7_s10_e2
-0.000508063448475,0.00206270255265,0.00161268157307,-0.0051905121758,1.57361132937,1.10319572026,1.59116878938,0.00368555104089,-0.0062440320751,0.00250270369797#7#10#a7_s10_e3
-0.000576463193145,0.000386578527608,0.0011166911975,0.0198219516343,1.56861502775,1.14678984568,0.223050245257,0.00105098170735,0.00330186200966,0.0162623490353#7#10#a7_s10_e1
0.0015797906283,0.0143069781566,0.00805055737344,-0.029192590318,0.790946693388,0.809589782185,0.891590847289,0.00976581385338,0.00430274084586,0.00674429252085#17#5#a17_s5_e1
0.0016003385603,0.0239972688055,-0.00590688163389,0.00559301956264,1.42516138708,0.562386284025,2.66020136648,0.00508408779846,0.0831475590967,0.0633227216669#19#9#a19_s9_e3
-0.000396177377263,-0.00149131324375,-0.0118471602721,-0.0024531001672,1.58320226663,1.1656194773,0.923510013857,-0.000924950625941,0.00215537941864,0.0652364405315#14#7#a14_s7_e2
0.0027338523531,0.0266669733114,0.00589965192162,-0.016784076221,1.51057019873,0.697974769651,2.44636803992,0.00114534151328,0.0659798077911,0.0554068563141#19#9#a19_s9_e1
0.000697719298775,0.002828935036,-0.000814819916647,-0.00339914364693,1.49284197521,1.11985055118,0.931024378232,-0.00231929709294,-0.00220141411475,0.0269560676262#14#7#a14_s7_e3
0.000245631064051,0.00204582241868,0.000650164750051,0.0193995041753,1.45415474271,0.717753841723,1.1583577792,0.000635316381861,0.00586414438291,0.0546196552333#2#9#a2_s9_e1
0.0007959677902,-0.00885626244208,0.00345602458306,0.0226232741976,1.3886172506,0.569100627485,1.07301953276,0.00263305427953,0.0479112339419,0.0805539251658#2#9#a2_s9_e2
-0.000715225869003,-0.00796126873811,0.0050594774353,0.0219682690902,1.34536617255,0.565477866392,0.771905042767,0.00131487273713,0.0346364098352,0.0452501002758#2#9#a2_s9_e3
0.00136889333156,0.00464762241586,-0.000481097065723,0.00246847391503,1.23190954598,0.875832683242,1.12311080667,-0.000127851109243,-0.00403039976113,0.051788832253#1#9#a1_s9_e3
0.000980905379695,-0.0211953769435,0.00733086229596,0.0325401761619,1.39887527735,0.850439149338,1.42770264925,0.0237638533673,0.114141850102,0.0994426845523#1#9#a1_s9_e2
0.00131295844767,-0.00078535549132,0.00329874969612,0.00828751760553,1.34243740948,0.891163688668,1.53937161081,0.0070870514612,0.0437636197789,0.062171754194#1#9#a1_s9_e1
0.0151820764588,0.0140876022835,0.00982966781484,0.0355990788196,1.24777897033,0.956826585594,0.205229261712,-0.000994922706559,0.0395224867884,0.0515465586939#20#7#a20_s7_e3
0.0147732483936,0.00129808101637,0.0217789786089,0.00250396650009,1.36601221417,1.43015690883,1.99593888896,0.00180701333231,2.6246815071e-05,0.0553434300251#13#9#a13_s9_e1
0.000222278219894,0.000487271333876,0.00135711441783,0.000296500153801,0.0101052083112,0.00346670206145,1.09105343433,0.000133641033167,0.000291969137438,0.00199144427936#13#9#a13_s9_e3
0.018073107884,0.00431659098707,0.0255392692125,-0.00316126403716,0.799251064052,1.29671152342,2.01980532049,0.00745599874572,0.000415756324636,0.0189795175477#13#9#a13_s9_e2
0.00056879328684,0.00566039920299,0.00198235144641,-0.00578025214953,1.59021562399,1.1144290501,0.701661048727,0.001718913517,0.00485112203003,0.0875245519969#5#9#a5_s9_e3
-0.000320170071707,0.0019571046555,0.00175919058762,0.0391328766666,1.84789980819,1.01673161262,1.04252569724,0.000237631544789,0.0034503118206,0.108461947079#5#9#a5_s9_e2
-0.00108261611519,0.00337988161303,-0.00100162827523,-0.0204348850036,1.63036094153,1.18063273669,0.748272801916,-0.00232993364971,-0.00143905504105,0.0619864657866#5#9#a5_s9_e1
0.001648203515,0.00410325769794,0.00110645394539,0.0159592752869,1.52237111267,1.07402120137,1.07021853583,0.00504034881303,0.00740517227453,0.0621890969984#5#6#a5_s6_e2
4.70076841004e-05,0.00792141764248,0.00621928374766,0.00603857382336,1.44496037257,1.16651490219,0.961436305324,0.00184105828808,0.000311899344818,0.055681590852#14#2#a14_s2_e2
-0.000394330380169,-0.00150838884562,0.00223524518693,0.0181613731355,1.30737393841,1.04708640296,0.769617848474,0.00371208982954,0.0024566749483,0.0320671472034#14#2#a14_s2_e1
0.00119575145667,-0.00520905890244,0.00459023749733,-0.00366507988592,1.4389342139,0.882653779422,0.799793141049,0.0051677537098,0.00839232102996,0.0806637318156#5#6#a5_s6_e1
0.00154574192281,0.0163213320146,0.00340215580231,-0.0101767214519,1.23290395308,0.503923278034,1.87769984394,0.00106307455502,-0.0081371146087,-0.00140863930898#1#7#a1_s7_e1
0.00199320944251,-0.00215377093038,0.00333246734932,0.00539176222803,1.3268217758,0.666862473742,1.79255792832,0.00798175384021,0.0256116553048,0.00230259728151#1#7#a1_s7_e3
0.00130760472596,0.00195207027852,-0.000725551348847,0.0116547290533,1.21898638877,0.761638823635,1.84580284381,0.0121857976709,0.00762275663818,0.0526825000223#1#7#a1_s7_e2
-0.00058033404089,0.00958631904276,0.0324287042331,-0.00365544850234,1.57570244884,1.22774127006,0.844486997898,-0.000250034590958,0.00786595662482,0.0213308986912#14#5#a14_s5_e2
0.00179837738062,0.0070767185637,-0.00359586875006,-0.0073193584154,1.80380582557,1.11736304375,0.84159913057,0.00815127689136,-0.00663465947071,0.025666298161#14#5#a14_s5_e3
-0.000991025588398,0.00295182915117,0.046700578994,-0.000884903750213,1.78951480198,1.12865189507,0.491057443741,-0.00354939165315,-0.000273033257422,0.0195252189647#14#5#a14_s5_e1
0.000710198493396,0.0122004606968,0.000805268479269,0.0140777882355,1.64386902883,0.386919296918,2.305072064,-0.00936322187748,0.0418542164173,0.0144544282096#15#9#a15_s9_e3
0.00173064290808,0.0337670364253,0.0011936141815,1.70611922375e-05,1.36403203649,0.512109311394,0.759360377243,-0.0110146020333,0.0163476367114,0.0147433808094#15#9#a15_s9_e2
0.000465976755695,0.0160374018196,0.000718061926687,-0.00339285506941,1.22499771982,0.599844102433,2.45303938512,-0.00215951069422,0.0420520881793,0.025034683999#15#9#a15_s9_e1
-0.000157502460704,-0.0020909900916,0.0103685482596,0.00651151877877,1.21404856514,0.653465764451,0.840239503985,-0.000964049630535,-0.000847640504697,-0.00389357626877#18#2#a18_s2_e2
0.00368390506981,-0.00891424621533,-0.00183708179275,-0.00716011986138,0.992828001439,0.813087870577,0.955181690391,0.00295566393779,-0.00108751972672,0.0457774821499#14#3#a14_s3_e1
0.00449734358545,0.00426446069322,0.000929103767198,-0.00131875649397,1.13612765154,1.10450174722,1.028388998,0.000835225633321,0.0234627520777,0.0258901311169#14#3#a14_s3_e2
0.00205445390162,0.00753934740983,0.00785773094194,-0.00558314258124,1.12248383649,0.809383211684,1.06858653486,0.00860726361709,-0.00314958900503,0.0307938992134#14#3#a14_s3_e3
0.000663576226194,0.00959202027904,0.00140098690304,-0.000261606191158,1.18386000993,0.926157372626,1.41228369175,0.00189642040528,0.0240903218973,0.0340344507568#6#6#a6_s6_e1
0.0018846813365,-0.00340567341926,0.0156492587321,-0.0157579213438,1.22356527772,0.712965456858,0.771287892559,0.00890074307558,0.0302153075034,-0.0374345084986#6#6#a6_s6_e2
-0.0014865290465,0.0340362918519,0.000409388506814,0.00414226378336,1.47752459053,0.52807582088,2.45304501814,0.00290295930066,-0.00113753039994,0.0217685598301#12#2#a12_s2_e1
0.00168186160493,0.00140966278803,0.00115687093144,-0.0021809810669,1.6234451063,0.502233884538,2.42578826507,0.00446631635394,0.0503267523468,0.0398504585127#12#2#a12_s2_e3
-9.74279294597e-05,-0.00913182834,0.00324772035936,-0.00720998047013,1.4937190733,0.523880036756,0.282614516896,0.00144765306181,0.00935927485423,0.00111696084209#12#2#a12_s2_e2
0.00180103533811,0.000381362057347,-0.00678678601152,0.00874104371591,1.26483860417,0.404347377843,1.37418172745,-0.00214125344859,-0.00832427219841,0.0433220253518#11#8#a11_s8_e1
0.00153180010831,0.00758505538699,0.0104245391184,0.0109099429947,1.37640726896,0.52409038708,2.11862356914,0.0163085446449,0.01705159028,0.050059204022#11#8#a11_s8_e2
0.00121923813966,0.0108544838444,-0.00182229774209,0.0140006131172,1.32192281103,0.522230541605,1.90718650256,0.0204829441027,-0.0047651862656,0.0488930827909#11#8#a11_s8_e3
0.00149736403494,-0.00257129876486,0.0148114107299,0.00824523717806,1.23634031298,1.06035240164,1.77259141089,-0.000678185465026,0.00572835494775,0.0138910109619#16#8#a16_s8_e3
0.00146867928024,0.00015006990271,-0.00108204175043,0.0070548256048,1.02879018499,0.784762889449,1.63655942515,-0.000105325399632,-0.00267213120063,0.0771216069232#9#4#a9_s4_e1
-0.00125520796878,-0.000250615738921,0.00190418775892,0.00498648166164,1.09337900176,0.753638067134,1.40914638604,-0.00368730796988,0.00767768660413,0.0892378813809#9#4#a9_s4_e2
-1.13677897585e-05,0.00667374281503,0.00483015380769,0.00502198148936,1.08386825202,0.734434144537,1.43923331549,0.000531502596317,-8.34698692026e-05,0.0832651262556#9#4#a9_s4_e3
0.00127224345079,0.00781353774926,0.00414831325608,0.0235019383678,1.07552728827,0.868087097877,1.10913192478,0.000552998125444,0.0002984331274,0.0163129969953#18#10#a18_s10_e3
0.000296451547422,0.00280370350244,0.00773762184019,0.0174576685259,1.14591494673,0.849084934003,1.52357567258,0.00230547246861,0.00416713423842,0.0580210003092#18#10#a18_s10_e2
0.00145289122793,0.00316483196369,0.0164649536514,0.0201066361362,1.89939319311,0.860872099646,1.67203080253,-0.00164722310825,0.00065885366494,0.00393604501596#18#10#a18_s10_e1
0.0012549416505,-0.00245931384742,0.0111516597981,-0.00204879228084,1.38812026908,1.09030171315,1.17555214858,0.0137324655002,0.00383082366739,0.0773984811749#5#3#a5_s3_e1
0.000554417353355,0.0116607173334,0.0330352856757,-0.00562938476658,1.45975255158,1.15056936218,1.59990544957,0.00242539811468,-0.000685905896358,0.0268826317848#14#7#a14_s7_e1
0.00201351774018,-0.00615082402132,-0.00491044217155,0.0215221570856,0.062029190478,0.583319741893,0.927494014919,0.00991634822303,0.0290297756502,0.0592171659185#5#3#a5_s3_e3
0.00447813449252,-0.000460647611922,0.0329795098607,-0.000506606124615,1.18366521934,0.9077357675,0.534226341395,0.0102400239806,-0.00328029685582,0.0620859545637#5#3#a5_s3_e2
-0.000140202104024,0.00389266055772,-0.0258605742536,-0.0170013148014,2.07391069559,1.36953821313,0.420421747673,0.00637555087998,-0.00173607749077,0.110001594085#13#5#a13_s5_e1
0.0122015187793,0.000995395458699,-0.008809799364,0.00647273954673,1.2907727145,1.31410406283,0.121370265908,5.50236269849e-05,-0.00274564954105,0.0306750440684#13#5#a13_s5_e3
0.0148048354473,0.00356181005594,0.0024498212556,-0.00536481118246,1.09014485865,0.103916312761,0.409219382118,0.00446977588984,-0.00313019657221,0.0145174493792#13#5#a13_s5_e2
0.00720585851738,0.00438202273228,0.00566244996087,0.00195901201214,1.45625370628,1.22644258727,2.45084178138,0.0202961461357,0.00573007262757,0.0333240776574#13#8#a13_s8_e1
0.00209022516648,0.0115201516578,-0.00038578006194,-0.00403970296935,1.29419713414,0.790695792232,0.536099724432,0.000606599546765,0.00200547408908,0.0525791786077#3#2#a3_s2_e1
-0.00205844660096,0.0051741405115,-0.0111592681438,0.00802738374259,1.24049933452,0.730714919586,0.205843874424,0.00212846121119,-0.00235850860901,0.0464024786006#3#2#a3_s2_e2
-0.000318275673186,0.00267150065308,0.00897430847675,0.0191824690056,1.23580147278,0.837636653357,0.848739452278,0.00148423747221,0.00107512495939,0.00503170463152#3#2#a3_s2_e3
0.000217557756442,-0.00395360171026,0.00628984865797,0.00354835423402,1.34747910664,1.03563151364,1.73291866173,0.0020633123375,-0.000356277057064,0.0209200095384#16#8#a16_s8_e1