0.017955801105,0.0057426617987,0.0330608215181,0.0439445522681,0.0337936499419,0.0353025253704,0.0941244646829,0.0870145645619,0.0332138670389,0.0797005037832#9#2#a9_s2_e2
0.0326059050064,0.0111231606441,0.0587678412059,0.019212083315,0.0509577629282,0.0129488335205,0.162604857878,0.0909285642557,0.0197804004647,0.0228531092141#9#2#a9_s2_e3
0.00333333333333,0.0711945165936,0.0987379666395,0.125595856924,0.102737940685,0.0929625015443,0.07317410745,0.0721908501406,0.153995492457,0.0774033792754#9#2#a9_s2_e1
0.0504115226337,0.0369194679032,0.113440399191,0.0409779559634,0.0247843199583,0.00956224993921,0.0684598633786,0.0749054626066,0.0462624433279,0.126895574287#18#9#a18_s9_e2
0.0289901583226,0.0366539373516,0.0776499673236,0.0220446761007,0.0724072022361,0.0198713872898,0.0505206576285,0.0743611968326,0.0323233775969,0.0480488777026#18#9#a18_s9_e3
0.114702713292,0.0161544189384,0.0473391974472,0.0163047414744,0.1553234012,0.0881796937577,0.195741516629,0.0602442041687,0.0333244768905,0.129379995602#7#7#a7_s7_e2
0.129514457174,0.0155706937515,0.00473313265126,0.0538894404228,0.111248418316,0.0345394672898,0.223446451052,0.0986217255659,0.0291415700967,0.21662404715#7#7#a7_s7_e1
0.0978408576174,0.00448652748578,0.124873501089,0.0872012498975,0.0238126817064,0.0473736600904,0.00954479598875,0.111589183765,0.0373192994828,0.0741709272015#3#10#a3_s10_e2
0.0802155992391,0.0394837719925,0.0882053062832,0.166179565401,0.0466273311932,0.0209739965034,0.0290806461257,0.0507045370002,0.00910484031491,0.0577964027399#3#10#a3_s10_e3
0.0234527687296,0.00658521405405,0.000648715740414,0.0182876242635,0.126037409287,0.0347786924587,0.117353975717,0.0968250907789,0.133667797453,0.0321770185974#7#9#a7_s9_e3
0.117933723197,0.0827356818226,0.0680506599743,0.0542764474538,0.0314892341068,0.139659779347,0.0915653056702,0.0919842633599,0.00615506965549,0.124666919747#3#10#a3_s10_e1
0.0108998144712,0.0454488170782,0.0997923409768,0.00429347213213,0.1478303835,0.0743750956772,0.126930200817,0.0632593667289,0.0300534081811,0.170095098989#10#1#a10_s1_e2
0.0397897897898,0.0210771041937,0.0235177313386,0.0524515181242,0.123920128321,0.0469089779556,0.164375426308,0.0151426496673,0.0195401950338,0.171717684541#10#1#a10_s1_e3
0.0289436947417,0.0305177174918,0.0219303692727,0.0503694795443,0.0522345774003,0.111667548114,0.122414297686,0.0612537659714,0.0119005579503,0.142711043626#10#1#a10_s1_e1
0.0742640075973,0.0423820238544,0.177703870522,0.0545164238961,0.164024453193,0.0220430283813,0.210163566625,0.105089043337,0.00881831570008,0.138319014947#11#10#a11_s10_e1
0.0704109589041,0.0300840933978,0.0698886545575,0.0066181781955,0.150433867736,0.0873818003298,0.0932502170486,0.0904974733653,0.00511132260268,0.119420720403#11#10#a11_s10_e2
0.0814270152505,0.0961314278601,0.0310086171137,0.0035772939837,0.243888110833,0.12719481193,0.225185399968,0.140436320432,0.0369185686729,0.15744683519#11#10#a11_s10_e3
0.142511074197,0.0389502077933,0.00671400888185,0.074081797388,0.107094217214,0.0244718295071,0.0310226112673,0.0979071170761,0.0379938768584,0.123444591989#20#6#a20_s6_e2
0.125202862692,0.0669891659209,0.0620178498558,0.05534196925,0.0846802958157,0.0314913222539,0.0877577641037,0.127741478989,0.0303511621319,0.0958181829017#20#6#a20_s6_e3
0.181105286151,0.00344501194346,0.0278751522328,0.0312460252725,0.222917168002,0.0283216136505,0.052283551483,0.0376209019107,0.0922945372625,0.0372930141863#13#6#a13_s6_e1
0.112151223262,0.0164403820501,0.0057704714686,0.0983999907942,0.135089703869,0.0521057715469,0.0155946904165,0.0482865374642,0.0536070810134,0.059655075851#20#9#a20_s9_e3
0.120555152395,0.0523800534933,0.00186670617164,0.149134354909,0.110434949489,0.0151128479439,0.101187544519,0.0446780863056,0.0373832650948,0.101416451893#20#9#a20_s9_e2
0.131697391948,0.0553910484888,0.0401790209072,0.0681220026455,0.0987157847697,0.0183314583141,0.0448008599416,0.021692717043,0.0039484788142,0.0223538812853#20#9#a20_s9_e1
0.145867655135,0.0557851197477,0.00741520435963,0.0354794120425,0.249289893077,0.0080804401308,0.202236456026,0.0702000620561,0.0308165535296,0.171064697287#13#6#a13_s6_e3
0.130466014187,0.0540113471209,0.093021168733,0.0446203712764,0.114716192771,0.0176429303379,0.187886917505,0.0844520718999,0.0465165626652,0.195643068794#18#5#a18_s5_e2
0.0689245395128,0.0287693994244,0.0923307199218,0.0140351544375,0.0308887860679,0.0356772690741,0.0761449942217,0.140454258171,0.011948062812,0.223301015465#18#5#a18_s5_e3
0.0642821231057,0.0479294829613,0.0922208418712,0.129296076614,0.0361349079423,0.000158332094199,0.217236588867,0.123519825654,0.0247259853139,0.214445174212#18#5#a18_s5_e1
0.241049418946,0.00860708693634,0.00591169895261,0.00153409443282,0.200752319993,0.0832633436577,0.106683727776,0.0623731194985,0.0783734412609,0.118420692866#13#8#a13_s8_e3
0.0738315356959,0.166103456527,0.0444472346247,0.0154942023707,0.0771626751691,0.0989096525966,0.140442504241,0.053241088316,0.172298030544,0.106602848128#8#6#a8_s6_e3
0.0752752241516,0.143411041865,0.00525994603156,0.120554342548,0.0711198278509,0.0837237846385,0.113683335292,0.0217772495251,0.0896404603154,0.101537797277#4#3#a4_s3_e1
0.0350574712644,0.163822724027,0.105468701666,0.0274748286682,0.172726879099,0.0581991947122,0.209969535358,0.00878850356786,0.0845204965093,0.291794780838#4#3#a4_s3_e2
0.121072796935,0.0164983323502,0.0487197429147,0.022422421116,0.0502443893992,0.121350397513,0.0853586494494,0.0768474043342,0.00307123624706,0.167713276999#9#10#a9_s10_e3
0.0789972899729,0.0839913235691,0.0320226404367,0.0511036256667,0.0295330110189,0.102394219455,0.134440135729,0.0256083161974,0.225957657693,0.0673665286689#2#6#a2_s6_e1
0.0806100217865,0.109037837731,0.00532561637344,0.0670564730232,0.0143058071102,0.126033087256,0.0978517033766,0.0270824065479,0.185597345564,0.0684516277867#2#6#a2_s6_e3
0.0537688442211,0.0665631979423,0.00737354382509,0.0464858100998,0.055401188968,0.138734240194,0.0227800820955,0.0281346808708,0.172127548289,0.00663309010473#2#6#a2_s6_e2
0.0536752136752,0.0619146228613,0.0261320175175,0.0149354069408,0.0688347083207,0.0813469193988,0.189641913927,0.0345506064162,0.0602265130985,0.238261627378#10#9#a10_s9_e2
0.0265084294587,0.0569457834802,0.0238238486617,0.0279744311959,0.0159845713943,0.0679487514107,0.206291707749,0.0394338223319,0.0880616000365,0.219657129539#10#9#a10_s9_e3
0.0170189098999,0.0560033815236,0.0533532971478,0.00997860424598,0.0773076536573,0.118125185292,0.218081265486,0.0112983413183,0.0548506120094,0.226273289447#10#9#a10_s9_e1
0.161126699763,0.0660444247732,0.02369760099,0.0684491815258,0.12155032057,0.190265641145,0.0184166631952,0.0125302138878,0.135525071718,0.0870827884442#15#7#a15_s7_e1
0.171316477768,0.147003755117,0.0183030417696,0.0825877320468,0.125407039886,0.195745673787,0.0507145586747,0.0228269108218,0.160979806847,0.0150934024892#15#7#a15_s7_e3
0.186666666667,0.0499055226722,0.00222197806072,0.0742890271315,0.139128655748,0.206763443576,0.0672259106739,0.0228800652453,0.120696510897,0.0604796256464#15#7#a15_s7_e2
0.101734196436,0.0549948153675,0.0232921347476,0.100364347714,0.0855428643678,0.140725895184,0.0856725787612,0.0465032431843,0.146231398749,0.10384329357#15#1#a15_s1_e3
0.0225543478261,0.0396320820955,0.0527521599097,0.0760873356196,0.147609885139,0.0522874110679,0.16180323606,0.0307052400819,0.150119002276,0.0665725675694#7#9#a7_s9_e1
0.0728915662651,0.1016515657,0.0234110163264,0.0883772676815,0.102057810224,0.220939761766,0.10750603647,0.0358321601514,0.200225732549,0.00328192563723#15#1#a15_s1_e1
0.113126361656,0.075360385139,0.0277663246406,0.0256587158718,0.117433751583,0.157616240395,0.00121792260801,0.098107590993,0.0331020277299,0.0995704657192#18#3#a18_s3_e1
0.140113181048,0.0261915189618,0.0514747838112,0.107594483793,0.0881446014153,0.0592940634014,0.15489648462,0.0594611584065,0.0320793301177,0.0111394497172#13#3#a13_s3_e3
0.255432380346,0.0129645176254,0.0854608505116,0.133787610855,0.191746365307,0.0649167101679,0.155174073066,0.0050471027948,0.0829075973799,0.00961123896401#13#3#a13_s3_e2
0.262760724298,0.0730871450951,0.0734159780457,0.0834323972022,0.158826068101,0.0624971562367,0.158161016726,0.00559137814731,0.0963461034366,0.109722664258#13#3#a13_s3_e1
0.00899470899471,0.103362967322,0.154242009806,0.0328907126385,0.0013215786703,0.197398336783,0.0568713664259,0.0768970499348,0.0376431393699,0.0804889322767#18#3#a18_s3_e2
0.104260089686,0.00836812881865,0.185093360381,0.14277314873,0.100567917539,0.0469270892513,0.191670995347,0.0308244073151,0.0230103342259,0.178326246687#14#1#a14_s1_e2
0.00932961431182,0.0636479958835,0.111812080518,0.103685730717,0.0855011130222,0.036524802274,0.0384724989119,0.0412309730031,0.120717438188,0.0440556282986#7#9#a7_s9_e2
0.0884465728824,0.0533684890416,0.206621447688,0.065266568536,0.0780610543572,0.0107412348214,0.125294402303,0.0135045628825,0.0234450398161,0.156826040333#14#1#a14_s1_e3
0.0134099616858,0.0406446029247,0.15807590855,0.135448239733,0.152829783823,0.0288497269794,0.146453567971,0.150734200022,0.0694787400731,0.148712264641#1#2#a1_s2_e2
0.111842105263,0.0492713507385,0.0481786164897,0.155675735811,0.0471097360177,0.134172071344,0.131814364644,0.120734531779,0.131869173237,0.11736738246#1#2#a1_s2_e3
0.0291005291005,0.0956464433687,0.0806457354899,0.12230740363,0.280511387527,0.0433488405694,0.217755699573,0.115905306026,0.0729751269785,0.167529333508#1#2#a1_s2_e1
0.163758613025,0.0643780642865,0.0512261807035,0.0699633833406,0.0846487886968,0.0749764838711,0.0118780402171,0.132543187405,0.0752875932192,0.023817907653#17#7#a17_s7_e1
0.00483473980309,0.019555454717,0.0525967781783,0.0167901558048,0.032004224207,0.0777948036698,0.0179663278608,0.0277233769035,0.00937606098248,0.00495544930621#19#6#a19_s6_e2
0.0079797979798,0.0176690835266,0.0269573496141,0.0667783490504,0.0138991668924,0.0360360416743,0.00326587195353,0.0376287194616,0.0177372714418,0.0216554158407#19#6#a19_s6_e3
0.0419992743106,0.0202188725925,0.0343333741838,0.0916948030927,0.00483873400169,0.142257950452,0.085252485574,0.0344915975794,0.026404637155,0.088121166143#19#6#a19_s6_e1
0.155543933054,0.183203392507,0.00103502261648,0.145525137314,0.15699696815,0.220046853465,0.181447899409,0.00794288706572,0.204950092106,0.0765203260874#4#1#a4_s1_e2
0.0848098450589,0.00391132990985,0.176969868143,0.0736136726552,0.113775745415,0.0455769270814,0.123215332143,0.0798606850716,0.00685421540199,0.151903540756#14#8#a14_s8_e1
0.125219375219,0.0083489218467,0.186123202858,0.142940044719,0.136811641097,0.0275417814907,0.076322060438,0.000285080985794,0.0424024511484,0.196862896861#14#8#a14_s8_e3
0.101616161616,0.036694218078,0.0673798727602,0.0646069434373,0.0955435338632,0.0313706647679,0.15908037717,0.0416419667749,0.0577785994804,0.221180789732#14#8#a14_s8_e2
0.061580983969,0.0200414427471,0.00675226756022,0.036635504971,0.114197148919,0.151418462072,0.000342029490522,0.00987678723392,0.133136187509,0.0746361980285#15#8#a15_s8_e1
0.0647482014388,0.0870039967397,0.0172861014661,0.0817789003792,0.224507641508,0.183950236892,0.0444124320283,0.0612522391322,0.189507437212,0.109266072806#15#8#a15_s8_e2
0.024358974359,0.0325424731473,0.0565060106947,0.00593462008983,0.184069326092,0.164988028881,0.112999099989,0.0396868776182,0.157462084462,0.130973212802#15#8#a15_s8_e3
0.00237341772152,0.0224028037159,0.0441323730365,0.0695720800913,0.00388526691907,0.12680662618,0.00760074967453,0.0452644326045,0.11842488904,0.0779642280324#12#6#a12_s6_e1
0.148383045526,0.0588487493542,0.0190205933739,0.0454763660226,0.0940121067297,0.0145289883863,0.233580401762,0.155529722954,0.0299757690947,0.00354809042587#17#2#a17_s2_e1
0.0374337005304,0.068963273434,0.0282347150119,0.00158106457202,0.119371005017,0.148582498064,0.0956193065413,0.0368026721738,0.248663292509,0.11817697698#12#6#a12_s6_e3
0.0268402442944,0.0130159770332,0.0463455957124,0.000769128815857,0.0299939060402,0.132075690786,0.0567128071207,0.0400019336803,0.140299566087,0.0413584533035#12#6#a12_s6_e2
0.0900780379041,0.0189408992613,0.0252909214095,0.0633124578477,0.0203943438021,0.0548534344887,0.00120026328057,0.0340785919424,0.0299324550047,0.0181909477724#16#3#a16_s3_e2
0.015157480315,0.000855581204616,0.0333077523987,0.0138045550154,0.0270237149011,0.0337167277771,0.0865436441641,0.0966346406525,0.0179667959548,0.0133469085734#16#3#a16_s3_e3
0.0298656047785,0.0376259186713,0.0401401139789,0.0617511165541,0.0107834757303,0.045610380546,0.0728859596681,0.0172005889169,0.0895684256474,0.053081820947#16#3#a16_s3_e1
0.116606498195,0.165101930024,0.0403510691652,0.0360041057157,0.0241807662465,0.152078069062,0.0888603699195,0.0195836626432,0.173641692972,0.0137861613477#8#8#a8_s8_e1
0.0276816608997,0.0744171793843,0.0549779823915,0.0731543529992,0.0133427275192,0.0895137633313,0.0571519294715,0.0942601454597,0.0894113569809,0.0725209221329#12#8#a12_s8_e2
0.0417928528165,0.0358974550592,0.0764236919372,0.0623761220665,0.0618010385581,0.0534418763924,0.0298570399466,0.00451786937293,0.0279538892032,0.0835103650564#12#8#a12_s8_e1
0.0658227848101,0.125801118818,0.0477822842915,0.0124710400378,0.040491157968,0.136817696462,0.06844929258,0.00210815482132,0.160505251339,0.0033740422379#8#8#a8_s8_e2
0.0466071428571,0.123361221761,0.0513636817101,0.0806128640767,0.0355977046707,0.0279122427538,0.123745070764,0.0230601885832,0.0260921746616,0.15465210328#8#5#a8_s5_e2
0.00537313432836,0.115072749992,0.0905107926547,0.0991500178028,0.0866169718547,0.00196290568943,0.0905497931812,0.0847620154391,0.0984732956786,0.0947231309619#8#5#a8_s5_e3
0.01328125,0.0850962812929,0.0501845914427,0.0522993061572,0.131913805062,0.131819043141,0.145642794759,0.102647595636,0.0752215621682,0.220243088312#10#7#a10_s7_e2
0.0410474168436,0.103628458032,0.0114500759825,0.0697987216609,0.0153510905561,0.0397215167602,0.130599277054,0.0152075072732,0.00589680699766,0.0474693574121#8#5#a8_s5_e1
0.0297598329273,0.0607749166456,0.159636577521,0.166371732205,0.00677144231047,0.0329629707517,0.152691490031,0.0187188235498,0.0478589728135,0.166893214414#6#8#a6_s8_e3
0.00673400673401,0.150653885708,0.0279523839579,0.16347951514,0.0156250778735,0.142142202492,0.113602853632,0.0681500597265,0.0333725573997,0.180851849095#6#8#a6_s8_e2
0.0496474735605,0.0345504051004,0.0569930210781,0.130299779949,0.038072502077,0.11049964708,0.177954170729,0.092493537659,0.0183789674561,0.14301288272#6#8#a6_s8_e1
0.125444353295,0.00210067838511,0.125407556039,0.0464366078725,0.106413581237,0.0191309026989,0.0219136042478,0.107368421304,0.031498297992,0.0798367520561#20#6#a20_s6_e1
0.156737053796,0.011910417546,0.0237105548812,0.0357429536808,0.181411936155,0.110921684215,0.000560257253089,0.00562224218294,0.0261896422607,0.0553869518837#11#6#a11_s6_e2
0.0818214804064,0.0141702148979,0.0454662278212,0.0301150472178,0.175647390751,0.030045087635,0.0261537129933,0.0605123866886,0.0590738380766,0.0721757468092#11#6#a11_s6_e3
0.156743185079,0.0270478021574,0.0163172126915,0.0050231563492,0.150120706205,0.0531862727963,0.0642648884211,0.0136139112006,0.045417323214,0.077946198826#11#6#a11_s6_e1
0.0544912728821,0.0866955413416,0.0269056169138,0.178231123579,0.0169801125684,0.125828485218,0.0438459478283,0.0301169687733,0.113965501343,0.0421038966294#17#10#a17_s10_e3
0.0151515151515,0.073522096282,0.069488641953,0.0299313379555,0.0690901146244,0.101016674236,0.0540927026293,0.00025668714768,0.178246552908,0.0371141871913#12#1#a12_s1_e1
0.113746630728,0.147165133214,0.133299520654,0.0793291608244,0.19544039647,0.153037775613,0.120331573387,0.0602322502021,0.231568927914,0.0120001626485#12#1#a12_s1_e2
0.0178687459389,0.0313640910544,0.0635133142067,0.036872641708,0.104156126065,0.236110995121,0.039801871183,0.0144613399823,0.239247769203,0.107345557335#12#1#a12_s1_e3
0.0157575757576,0.00941063519688,0.00434522875141,0.111047929583,0.0695045610666,0.0774665033173,0.0457436768761,0.0750836685968,0.12973168357,0.00213700475944#17#10#a17_s10_e1
0.10999620157,0.0119233093127,0.0664885682976,0.0678555839785,0.0443926659963,0.0733783181791,0.068103910588,0.0956721175034,0.0430413799485,0.0810251327621#20#4#a20_s4_e1
0.011346670648,0.00709457170628,0.0145520265115,0.0394411437302,0.145283489501,0.170689439225,0.019025522214,0.00189606465019,0.00363089289583,0.01659535802#11#4#a11_s4_e1
0.0447604002106,0.0348195623889,0.0123615111356,0.0353806854777,0.160022267449,0.189390267772,0.0590761671612,0.00151073248887,0.0455973413522,0.0517481066013#11#4#a11_s4_e2
0.0571428571429,0.000929379113107,0.00621290089462,0.0307572252448,0.112811457402,0.209062771933,0.0248841189167,0.00872964981133,0.0275084763289,0.101287416278#11#4#a11_s4_e3
0.0497821350763,0.0304576983021,0.104718509102,0.14546576141,0.0111264094729,0.0540741461501,0.20417803269,0.0230878021303,0.082333539906,0.228614277326#2#5#a2_s5_e1
0.121708683473,0.0148536800258,0.0240638168318,0.0649280580628,0.0698201481197,0.038783620028,0.174020145992,0.0800182759413,0.105553025022,0.21069137859#2#5#a2_s5_e2
0.159398496241,0.115144242138,0.0416189674288,0.0561673256073,0.179391470842,0.0481409449856,0.175852464592,0.0803538881046,0.0639536532298,0.141863525042#2#5#a2_s5_e3
0.0496060037523,0.0289961141682,0.019395061006,0.108999778134,0.0756476546401,0.0377540549357,0.120197475315,0.108967283082,0.0585237522194,0.0437656981317#18#1#a18_s1_e2
0.0283516483516,0.00936258181701,0.105054109135,0.0716455986972,0.109076652684,0.0165115116868,0.155411209881,0.151050386356,0.0868170997586,0.1079335992#18#1#a18_s1_e3
0.0378571428571,0.0542988515693,0.0999872653257,0.0778616467979,0.115294915469,0.00297348539212,0.143314882823,0.0585619226723,0.0164674029875,0.0186197436109#18#1#a18_s1_e1
0.0403171390014,0.06373170659,0.083448985673,0.0021117850697,0.0226223855576,0.0573991691123,0.00729111015286,0.0612382689933,0.0357557573401,0.0607848820308#16#4#a16_s4_e3
0.0345345345345,0.0162558109624,0.0379935884225,0.00536091635488,0.037524648344,0.0237144831572,0.0114054461944,0.0349802931003,0.00975727281229,0.0198571376598#16#4#a16_s4_e2
0.00686936936937,0.0655794787495,0.0526417812337,0.00801898296755,0.0422560783603,0.00241977859322,0.00656777526538,0.0359773134011,0.0128259705049,0.0228500286905#16#4#a16_s4_e1
0.00960866526904,0.0363537928741,0.00153651621212,0.0202357911614,0.0102200169323,0.0669612390576,0.106041758955,0.0277850764904,0.00567357241222,0.024563995332#16#10#a16_s10_e1
0.0354699064376,0.0946698961383,0.00355958482711,0.0472240312177,0.0320725108061,0.0827656897468,0.0180657460587,0.0286821074568,0.0463171791289,0.0408605847285#16#10#a16_s10_e3
0.000587889476778,0.0303204376509,0.0578313247047,0.0439119454858,0.0397413045804,0.00735684387256,0.0550809997009,0.0478938090647,0.023507602087,0.0189066060067#16#10#a16_s10_e2
0.240625,0.142572993675,0.0274347494674,0.120998607684,0.158036389715,0.221136827979,0.237711630436,0.166577635289,0.0376396328405,0.248720856843#5#5#a5_s5_e3
0.0641296687808,0.124896913701,0.060114846567,0.234787474199,0.0545240905438,0.0851204881124,0.229869180088,0.198421233606,0.00065301905942,0.312950747236#5#5#a5_s5_e2
0.00885106382979,0.0381032057796,0.0476354277003,0.175586028702,0.0236657088237,0.0159455753872,0.109494020319,0.0622920782806,0.00804630185944,0.0572924003491#5#5#a5_s5_e1
0.0586372632174,0.0184309352314,0.16679076553,0.0574764528832,0.0535859360649,0.00414691338973,0.148349703645,0.0215540869953,0.00860627306757,0.132617611487#14#1#a14_s1_e1
0.0245709123758,0.0727078128703,0.0105293480698,0.0330426142225,0.0483111026059,0.0888431182716,0.0327607309774,0.000193762307185,0.119921173043,0.019320667662#2#7#a2_s7_e2
0.115863689777,0.0156074613405,0.0983331426384,0.104238621686,0.00419353783652,0.00508679284026,0.159216880232,0.119820838413,0.135678389455,0.183338637963#2#10#a2_s10_e1
0.0161882510013,0.0352216824026,0.0237458455233,0.00779914977224,0.147772006608,0.00137128015449,0.148814117855,0.000300408654638,0.119400611587,0.104299191189#2#10#a2_s10_e3
0.0214126807564,0.0226568419609,0.013847059975,0.0148185769479,0.105815688559,0.0161024113942,0.12505643053,0.118785732745,0.13913645714,0.184948110318#2#10#a2_s10_e2
0.0389811426963,0.109303258265,0.0515962276513,0.0791111276427,0.0531399428173,0.0140382708706,0.172107455314,0.0155167614913,0.00325312292045,0.035159582489#19#9#a19_s9_e2
0.0805238903711,0.00239362445431,0.0228140136286,0.127639336033,0.0731769943032,0.0601532420699,0.0513525696217,0.0161835430858,0.0542227258003,0.0535651365898#20#5#a20_s5_e3
0.100088836245,0.0276965900519,0.102059059467,0.0657597996906,0.105026573451,0.000362397133452,0.104908642297,0.0437986606104,0.119678772466,0.0966811907439#20#5#a20_s5_e2
0.149252083678,0.0307771251699,0.0280202534539,0.0411257632266,0.0635038693422,0.0306802716954,0.0358870580151,0.0517079839561,0.0389308907253,0.0571805105682#20#5#a20_s5_e1
0.0471996833564,0.0077234480923,0.0404892524507,0.0512634797818,0.0615328988587,0.0489710039315,0.00220484192393,0.00972675933547,0.0205420226286,0.0314532100586#19#10#a19_s10_e1
0.0199047619048,0.011778313735,0.00335008987742,0.00278276403348,0.00015456361051,0.048415644489,0.0306505216329,0.0339244385885,0.0270827355133,0.0704623824206#19#10#a19_s10_e2
0.015923566879,0.00575579704511,0.00249213719572,0.0522346940571,0.0151323150873,0.0278556936039,0.0582504554071,0.0369872573831,0.00723409502283,0.0893174314869#19#10#a19_s10_e3
0.0978761061947,0.0572281219851,0.0618647709094,0.0207636329953,0.0188594330369,0.00651280308619,0.12007926411,0.109211172898,0.0215457727497,0.0451653373223#7#5#a7_s5_e1
0.127407016618,0.0191965043846,0.00486168467783,0.0726345790753,0.0698110842662,0.144743971687,0.0787864301165,0.0681753221006,0.00114487440279,0.0666414970437#7#5#a7_s5_e3
0.11493239271,0.0121509100739,0.00458390942738,0.0279992967857,0.0646098088398,0.167308883528,0.0530367990793,0.0839515641975,0.0358547599396,0.159563612711#7#5#a7_s5_e2
0.0677723177723,0.191322192051,0.0461257078165,0.111649657948,0.170919567351,0.149496720415,0.216593803239,0.01648128767,0.195274614786,0.204828088398#8#3#a8_s3_e1
0.0923771880294,0.1377333514,0.141227412454,0.0345857653478,0.128473028199,0.186962903765,0.138228737217,0.0702551554547,0.217048141408,0.2065209638#8#3#a8_s3_e2
0.0107126222636,0.168116458055,0.00178833677198,0.0766357029835,0.118294124765,0.0799730392909,0.170893982705,0.0566865315259,0.149456369431,0.143581672723#8#3#a8_s3_e3
0.0364842454395,0.0801147915052,0.0212024088747,0.0536875891951,0.0547522631072,0.0852362249704,0.109210536336,0.0305480999449,0.113218281758,0.154221872778#3#6#a3_s6_e1
0.00931186868687,0.142652523588,0.128049615242,0.0787861856758,0.0193280574541,0.10356312712,0.0332926400868,0.0577674957748,0.17065759005,0.109193305671#3#6#a3_s6_e2
0.0286159844055,0.0739310577556,0.0798307105372,0.146023432772,0.0357795364176,0.0888370541858,0.00935811925082,0.00411464863519,0.125641224795,0.049874007129#3#6#a3_s6_e3
0.0782150776053,0.00400816901914,0.10160281581,0.083121009806,0.10103160218,0.00844518898758,0.158702880157,0.188287623831,0.0616155597816,0.0202601412516#18#2#a18_s2_e3
0.0247933884298,0.00719295157366,0.0329025216013,0.0954318123306,0.115919156359,0.0995114022559,0.0928616773545,0.103410593473,0.0316946756111,0.0362087637036#19#2#a19_s2_e2
0.0913387687581,0.135380528557,0.0538702333526,0.0511029305119,0.120714742684,0.157432938641,0.0492601761367,0.075480642941,0.0369806471877,0.0652983635733#19#2#a19_s2_e3
0.0132699544464,0.0717066159835,0.039530957927,0.000449388720985,0.0206558787084,0.0181437427763,0.0340049912312,0.00704367523889,0.0618100747828,0.134586050614#9#10#a9_s10_e1
0.134644995723,0.239800261135,0.0365771025799,0.121239936108,0.117435656951,0.16144543142,0.130204673193,0.0417313695235,0.160338665737,0.231054223606#4#7#a4_s7_e1
0.0382594417077,0.196440877023,0.0352959137222,0.116303874876,0.122250690634,0.135698653004,0.155081326204,0.0429114093423,0.175576245233,0.230172761629#4#7#a4_s7_e2
0.0563186813187,0.214965123546,0.0448595476371,0.155887539152,0.112501836163,0.127426667446,0.149389431742,0.0124886666094,0.16387313848,0.180252363007#4#7#a4_s7_e3
0.00667016806723,0.0391757408778,0.0153178752001,0.0161918234623,0.028951061015,0.0430622937082,0.0541661437877,0.0144633355018,0.0255896837285,0.0714612606325#19#4#a19_s4_e1
0.0773524720893,0.0639984931524,0.0699308659025,0.00605541446901,0.0521196566318,0.0794484067296,0.0829888701532,0.0592789011166,0.060385812939,0.0682938345381#19#2#a19_s2_e1
0.0700107874865,0.0105721681874,0.00792521237076,0.0391817021295,0.0246766875442,0.0924561763677,0.0863255239169,0.000895547718603,0.070849163293,0.00846217652604#19#4#a19_s4_e3
0.124173390766,0.0670289391518,0.0183637162072,0.0203847442127,0.0984469153737,0.034529126086,0.0664421390901,0.118092742556,0.128801275843,0.0534301111112#20#7#a20_s7_e2
0.0872420262664,0.066912791054,0.00169014450267,0.0478676052655,0.0563241857013,0.0661282176708,0.0906998644116,0.0443926917987,0.0471074046808,0.00589088937194#20#1#a20_s1_e3
0.0964623649917,0.0514718888024,0.00570332023066,0.0736495131734,0.047290758416,0.0290179313549,0.00425285650928,0.0379519728839,0.00666167090044,0.0277672784475#20#1#a20_s1_e2
0.102272727273,0.0305685800832,0.00905702627865,0.0266853540902,0.00796592383676,0.069172801639,0.0870546494654,0.0260972602132,0.00608692646459,0.183477528495#9#10#a9_s10_e2
0.108563870826,0.00277026503978,0.0674841800261,0.0873330008523,0.0399522040363,0.0772261782402,0.0196155151249,0.00768161139063,0.127745299553,0.142781008271#2#2#a2_s2_e1
0.0639906922629,0.035139783556,0.0621631857852,0.158397056149,0.0711809237284,0.13086409503,0.110706666048,0.0396267332371,0.185221308031,0.163621632445#2#2#a2_s2_e3
0.00368421052632,0.0280420105267,0.0876270691278,0.0656121875089,0.0388039173071,0.106980912284,0.143986405467,0.033476021096,0.198294923752,0.179800496959#2#2#a2_s2_e2
0.0622393822394,0.0654782030601,0.0254396762501,0.0427525149601,0.230538627779,0.188299215936,0.0629457777771,0.099535532613,0.00925010739323,0.0183375408908#11#2#a11_s2_e2
0.0462911321807,0.000357372041524,0.0906482972012,0.136393326626,0.251526400063,0.127821543294,0.0485772441089,0.0775436007324,0.00928529948539,0.0134323162941#11#2#a11_s2_e3
0.0393162393162,0.0487792052521,0.0360607521049,0.00391991268198,0.266061666291,0.165528939257,0.00290574805964,0.0801744393928,0.0180844937196,0.0964031202422#11#2#a11_s2_e1
0.117071428571,0.109204692551,0.00901693320343,0.0206518563151,0.0915948048965,0.0368834028245,0.128915192987,0.0638223203537,0.00356208476276,0.168364299915#18#7#a18_s7_e1
0.0861938890985,0.0315599446889,0.0343377043201,0.0748222923458,0.103519823487,0.012087805538,0.0831294387325,0.0751018496864,0.00365312386682,0.200859241148#18#7#a18_s7_e2
0.107125748503,0.00731603760063,0.0434194394816,0.0338923728071,0.0909389420194,0.0398730457218,0.158276013987,0.0813431633084,0.0229659298348,0.17007513296#18#7#a18_s7_e3
0.184543381024,0.0837619372384,0.0273496864804,0.0267327009909,0.238313359761,0.156392763534,0.127764392641,0.0898359248617,0.133655640467,0.0482615198152#13#10#a13_s10_e1
0.0151113880667,0.0334420162985,0.108278929666,0.0698985649047,0.146692746602,0.119232569841,0.220465644465,0.0852932367,0.0104740367613,0.165621867026#19#1#a19_s1_e3
0.101579640193,0.0338023028169,0.0106955790475,0.175400060896,0.180659866688,0.146475609531,0.119235840571,0.110967615998,0.0061975772996,0.155259921955#19#1#a19_s1_e2
0.0985045111853,0.0249198813504,0.0757012700324,0.0604627309602,0.186860562312,0.117533648074,0.0984199843205,0.0523777510063,0.042778280715,0.238051962668#19#1#a19_s1_e1
0.00326970661011,0.0502218790679,0.0434985414367,0.0190191477655,0.0892555782194,0.0717383233761,0.0861260992067,0.0454276957594,0.0292046330629,0.120750442881#10#2#a10_s2_e3
0.0119435396308,0.000631678093954,0.0320061272165,0.0543351419937,0.160969940614,0.0810367954638,0.122076669403,0.00352539450427,0.0288163109923,0.269163619767#10#2#a10_s2_e2
0.0570054945055,0.0264610233274,0.127429000254,0.0640777835306,0.140247469876,0.101260580907,0.113783601268,0.0184181430198,0.0138109888974,0.24571562485#10#2#a10_s2_e1
0.0102862254025,0.0316184769982,0.0405179780318,0.102206426543,0.00259104554251,0.0444495239153,0.0657568501158,0.0772569380515,0.115201968767,0.0822191666815#17#8#a17_s8_e2
0.0892062029787,0.111567355035,0.0894884297502,0.13507128131,0.0405275456262,0.106277341533,0.149340062351,0.0637187025705,0.0373237877238,0.175267944093#5#8#a5_s8_e1
0.0318894009217,0.0186873871898,0.125150889684,0.0619673202612,0.098935537159,0.039517584735,0.183952085179,0.0622266542212,0.0280541942276,0.235783519197#5#8#a5_s8_e2
0.00248447204969,0.152688956963,0.061086282114,0.103762335705,0.117579137025,0.082471366307,0.209136066406,0.0857057615287,0.00859224691557,0.234852551834#5#8#a5_s8_e3
0.0428326670474,0.015152312717,0.0225583689668,0.0294876211129,0.050346224758,0.0797149862496,0.0590881480888,0.00501167644225,0.00705623436342,0.117730724304#4#8#a4_s8_e1
0.105160807779,0.0824695559112,0.00139569946535,0.0414024381008,0.10214976897,0.121497705745,0.13897773991,0.0266508563392,0.018227489129,0.144257808258#4#8#a4_s8_e3
0.0958549222798,0.0482123085886,0.0337359816067,0.0575510050703,0.126985692896,0.108322539262,0.163405139857,0.0541027792086,0.0979410041102,0.162176718159#4#8#a4_s8_e2
0.0500112132765,0.0602489086185,0.109896572652,0.118646333187,0.184760991054,0.0924222917162,0.0499152860629,0.1515259529,0.0979079065923,0.0332679397977#6#2#a6_s2_e1
0.19432382134,0.0301073166253,0.0540698533449,0.143983384821,0.149867444275,0.0935729202202,0.215910777194,0.119057182356,0.111458887301,0.0160840709194#6#2#a6_s2_e3
0.153072625698,0.0242461051674,0.0526408985639,0.037502283536,0.167848454246,0.00221467633261,0.0342107165666,0.140656308575,0.124354187648,0.0648791709831#6#2#a6_s2_e2
0.030077077748,0.041021034004,0.0356896705932,0.0462628439219,0.0287092481044,0.137506955044,0.106033219051,0.0191511323086,0.0270535112053,0.205075888413#10#4#a10_s4_e1
0.134939759036,0.0856061721861,0.0532535284592,0.0768085352595,0.0651378612373,0.0315912037227,0.133989138384,0.0818135192325,0.132073541744,0.0257883620374#12#4#a12_s4_e2
0.0276073619632,0.0146741790049,0.0342131822809,0.0150769556347,0.0471418441368,0.0731775192772,0.183760772686,0.0381346977392,0.0144412150139,0.266862352895#10#4#a10_s4_e3
0.0515124288709,0.039400303134,0.0446569917459,0.0541893474341,0.00250193861428,0.11918163534,0.143059471398,0.0253586491762,0.0454548303362,0.199620339624#10#4#a10_s4_e2
0.0306267806268,0.0783400543725,0.0133648446739,0.00939167025081,0.0952440179218,0.0268997781022,0.0820133903817,0.0551970879381,0.0609582565206,0.0114010495167#16#7#a16_s7_e2
0.0319066898014,0.0332989466908,0.0552622904921,0.0184542209337,0.104853019017,0.0136797552844,0.0101419759846,0.0459295797518,0.0183343043569,0.0865588095711#16#7#a16_s7_e3
0.131896359169,0.0156254632738,0.0549146603495,0.021235800922,0.0589687466415,0.0588560722055,0.0561272290241,0.130518008227,0.0832268487268,0.0313822720133#20#10#a20_s10_e2
0.013698630137,0.0483749535445,0.0247997458356,0.0178034610087,0.0130226217109,0.00911647567717,0.105066218723,0.0250396929034,0.0204674821892,0.0446493645067#16#7#a16_s7_e1
0.0374273255814,0.00403840106585,0.0243638652416,0.0410835328253,0.0309530984043,0.00277952015573,0.0173811963713,0.00982382287332,0.0195206565418,0.0247925572254#16#1#a16_s1_e1
0.0550369083804,0.00217359051235,0.0768282482998,0.022236589783,0.103694398146,0.0494545174186,0.00646483835935,0.0069083146998,0.0182581744094,0.0394495795605#16#1#a16_s1_e2
0.0155801104972,0.0329101873492,0.010619410973,0.0772710422415,0.0681434014638,0.0312010988377,0.111454357433,0.009511912277,0.000497601401254,0.0256661824825#16#1#a16_s1_e3
0.0450236966825,0.163847530552,0.0187061365948,0.199733580496,0.147713165426,0.0212421063986,0.177572079668,0.136970772727,0.00366617884052,0.0611365939188#4#1#a4_s1_e1
0.112937457665,0.0207084231936,0.00201617100651,0.0695576032511,0.0643303688515,0.0858558927981,0.135295624348,0.0587551503545,0.167390628147,0.0292065521366#14#6#a14_s6_e2
0.0373858447489,0.00761122796641,0.0229144021531,0.0919347099516,0.166403496781,0.0634746187594,0.220138519328,0.0957896936811,0.085208432252,0.256007931456#5#1#a5_s1_e3
0.0429047619048,0.0289477894246,0.0669171716174,0.0369263427601,0.143975073186,0.0760595254712,0.18605050493,0.0808081320117,0.0311785227076,0.225317934585#5#1#a5_s1_e2
0.0778858350951,0.0484091763129,0.166192767552,0.0377280221371,0.125742509378,0.0901870744898,0.165939008254,0.0717113924963,0.0142188480863,0.222408857938#5#1#a5_s1_e1
0.00587507730365,0.150786874513,0.101205550419,0.0257267794263,0.108816498284,0.0612731173803,0.170771225066,0.0316963192737,0.156894088943,0.149691637502#8#6#a8_s6_e2
0.0959702062643,0.0675735187142,0.0372416885693,0.22064076,0.0567312008382,0.108267952912,0.199519926209,0.142721988615,0.0142495825818,0.242504256128#5#7#a5_s7_e1
0.0221661054994,0.149810658037,0.0760544056514,0.0143107250985,0.107469098098,0.140923502289,0.14243352122,0.0473261906915,0.188235436503,0.0196642331523#8#6#a8_s6_e1
0.0611941603287,0.0656986801359,0.0285072401124,0.113624601593,0.00558499904809,0.102073532192,0.159565385894,0.109488078809,0.0209588611109,0.188917014463#5#7#a5_s7_e3
0.119184805805,0.100396244778,0.0166266211951,0.194402849445,0.0353242762427,0.128807815663,0.187148818525,0.119011253448,0.0618557349161,0.228497856394#5#7#a5_s7_e2
0.0266331658291,0.162617644313,0.121193574212,0.00771912592772,0.120538364117,0.0161014688646,0.0668039525095,0.0166755172782,0.0814287408097,0.130815228045#3#8#a3_s8_e2
0.0495894909688,0.132810271155,0.0973160219324,0.0461095417048,0.134809327348,0.0318709100415,0.0894654672868,0.00872593978789,0.0744720187971,0.110554662661#3#8#a3_s8_e3
0.205622146119,0.0420811560049,0.0286354313217,0.037298264573,0.166052423647,0.00579269112703,0.00470439961879,0.132920156437,0.0869857021195,0.0929764914019#13#6#a13_s6_e2
0.0241034685479,0.128575022842,0.0315749431894,0.136519533072,0.0964164230304,0.0658590885964,0.0057547749804,0.0159486784906,0.0395425960972,0.0301864145719#3#8#a3_s8_e1
0.0588315588316,0.0531009108581,0.0516570433659,0.0294072225172,0.0450800530686,0.0198317231625,0.0040946620633,0.0164559279288,0.0288672550032,0.0415867973271#16#9#a16_s9_e1
0.0347633136095,0.0497030583619,0.0132723969753,0.0813076773323,0.0976250903169,0.0790288515732,0.00926137206756,0.0109874057144,0.102920866661,0.0648257289964#9#9#a9_s9_e3
0.00724815724816,0.075734991065,0.0238744648254,0.0303379354111,0.0846319352774,0.0713338743419,0.0763263178563,0.00999008432557,0.0891440272243,0.108012559665#9#9#a9_s9_e2
0.00963203463203,0.051432644137,0.0197969287657,0.0375020403734,0.142557017209,0.0649584829073,0.0511899759497,0.00770250223306,0.0965662075905,0.0981117104388#9#9#a9_s9_e1
0.00975232198142,0.0593797166529,0.000790528480696,0.00550121014789,0.0669505257342,0.114583824007,0.0331806366752,0.0331793400518,0.143346026118,0.029432434958#17#10#a17_s10_e2
0.0987903225806,0.0970066719757,0.0180480367575,0.00233456738771,0.0326064780039,0.0369586342279,0.0772676699011,0.092043214778,0.189572211931,0.0649964950976#8#7#a8_s7_e1
0.0666969147005,0.101224969298,0.0439157335203,0.0398341540523,0.0483761238295,0.0767775735451,0.0110400332105,0.0522965996351,0.211172904506,0.0211011162688#8#7#a8_s7_e2
0.0609506057782,0.0919226258532,0.0141236042641,0.0478250978609,0.0652309145761,0.0491203860448,0.0361540046396,0.0833002892341,0.177037560837,0.00875318897355#8#7#a8_s7_e3
0.0554778554779,0.00410690778306,0.0212271216419,0.0180188689233,0.0386810388767,0.0565398101144,0.0260374882275,0.0423295630259,0.056828695683,0.0743196509339#9#7#a9_s7_e1
0.144894584539,0.00495812212976,0.0234973030798,0.0604704040972,0.0479511946199,0.025044711321,0.00626261068263,0.0611468603813,0.0277575163829,0.00999490492594#9#7#a9_s7_e3
0.0246293639407,0.00725954782464,0.0221149374575,0.0202277003154,0.0131491133317,0.0370304887682,0.00397883059926,0.0340958665695,0.0480152592317,0.01231709952#9#7#a9_s7_e2
0.0143790849673,0.108839446938,0.0558056262005,0.0239088966383,0.0306933929988,0.06355964373,0.0734562117213,0.00144771441112,0.158532361043,0.178463578546#2#1#a2_s1_e1
0.0595394736842,0.117049570254,0.019977775947,0.0373249810005,0.0206903509358,0.0202044361457,0.0388902640154,0.0454313916301,0.125121458451,0.256921844077#2#1#a2_s1_e2
0.0566087414429,0.00980655267456,0.078880314448,0.00220413105057,0.0132658251243,0.0626274048077,0.00741382811563,0.0342572584716,0.111687566265,0.183776122517#2#1#a2_s1_e3
0.0457142857143,0.0341549269665,0.125768201601,0.0397636738505,0.181737656841,0.12716552176,0.244460643921,0.158211800333,0.0299853424681,0.142493310756#1#1#a1_s1_e3
0.0288836846214,0.0601727686835,0.137409146588,0.0690249803242,0.220513521733,0.109793444128,0.108496876183,0.189898037049,0.0200836295576,0.184911573046#1#1#a1_s1_e2
0.0655231560892,0.0289367403941,0.0291878748875,0.188135781161,0.184814956541,0.0416934653284,0.266327388792,0.129594191083,0.0682538438952,0.342162511538#1#1#a1_s1_e1
0.0751113310242,0.0194361974386,0.0548350672169,0.0269337239343,0.157823252134,0.0613179614196,0.0797101230157,0.109728201842,0.00567637291551,0.0856836125004#11#9#a11_s9_e3
0.108594539939,0.0362846247203,0.00647590261247,0.0203777192763,0.186300557587,0.0551054288378,0.000912043141212,0.106251110588,0.072447877714,0.0408618625699#11#9#a11_s9_e2
0.133641975309,0.00135110761909,0.0271625664642,0.0795190789065,0.0769920988816,0.0133220408477,0.106401130843,0.0568368691758,0.00424836408536,0.128055048614#11#9#a11_s9_e1
0.114864864865,0.0811033405075,0.126749352315,0.015663265617,0.0647991780906,0.153179350431,0.106424912492,0.035641318587,0.160270593359,0.137469129193#1#6#a1_s6_e2
0.0770883695944,0.116483394502,0.183586107588,0.0508668242391,0.112748517349,0.140852730836,0.102789572185,0.0160183705831,0.12956522063,0.0921974141203#1#6#a1_s6_e3
0.132254464286,0.145588017736,0.147608183568,0.0029492373026,0.20739431664,0.0797462327596,0.0730079384931,0.0727708757559,0.0721053734399,0.00139672394982#1#6#a1_s6_e1
0.0223367697594,0.0426314739407,0.0575682488441,0.0975210849115,0.0884968832278,0.0693834388809,0.120369598825,0.0622890303228,0.0105571706443,0.13897680205#9#1#a9_s1_e3
0.041397495056,0.00202336606229,0.0516530966413,0.073272826365,0.0838411112437,0.0925212388449,0.00170781602218,0.0794689691056,0.0118451383585,0.155885633779#9#1#a9_s1_e2
0.0405405405405,0.0175411826198,0.061284955964,0.072589881076,0.0715376033779,0.0185944229158,0.0278737042819,0.0261504740979,0.0139804887616,0.126951669826#9#1#a9_s1_e1
0.10853587963,0.0804300775599,0.0245100299337,0.0410160122218,0.0854428968166,0.00539011888972,0.0795263358966,0.048925307149,0.0340488974957,0.0541116904506#20#4#a20_s4_e2
0.00396825396825,0.0030493463209,0.0218701078363,0.0666372077694,0.0183535626754,0.00812753863132,0.00152427247721,0.0202789642352,0.00154142752672,0.0123556905921#16#9#a16_s9_e3
0.0971259387637,0.053117584182,0.0240822488622,0.0136511350185,0.0610507914914,0.0637503147088,0.019654413273,0.0329481986867,0.00231539616998,0.0698339484275#20#4#a20_s4_e3
0.0477446808511,0.0143026346483,0.025256158773,0.0111649085187,0.0373547880797,0.0793704151929,0.0971304957581,0.0298336597989,0.0847351067243,0.0604872180077#19#4#a19_s4_e2
0.0102238674423,0.0560170010928,0.0959412066636,0.0193875994875,0.0181357024884,0.165475429822,0.0126242400414,0.0931855801806,0.208507664349,0.0422208996707#2#8#a2_s8_e3
0.00101694915254,0.0704094816903,0.0740467387711,0.0117151856851,0.0411192874123,0.155903184406,0.024862572782,0.045084435188,0.228297980781,0.00293002433774#2#8#a2_s8_e2
0.0109443402126,0.0958747764378,0.0407670531908,0.0123455070169,0.0187184387481,0.147277593551,0.0139459810679,0.0927669584979,0.211673413895,0.0319969632512#2#8#a2_s8_e1
0.109557109557,0.0444081492943,0.0955956847553,0.175037573958,0.121780393522,0.126100515305,0.182958038728,0.114458279195,0.0219998197278,0.239202379636#5#10#a5_s10_e1
0.0530405405405,0.0188276843315,0.0289167065882,0.0626966104499,0.105933135713,0.136570429169,0.237786311677,0.120151618863,0.0303327485826,0.218316692164#5#10#a5_s10_e2
0.0732217573222,0.0256880429407,0.0423140582016,0.0976015099417,0.108363447786,0.126436724649,0.232327952524,0.114157850942,0.0333484733567,0.243729672136#5#10#a5_s10_e3
0.0403959336544,0.0678391373598,0.0538842021359,0.0227299714955,0.0428425804252,0.0279072256409,0.0354687505661,0.00615459428832,0.0988609283313,0.11358613446#20#3#a20_s3_e1
0.0309927360775,0.1254094348,0.104452429097,0.137648741232,0.0464550305075,0.0455533331919,0.0227445108802,0.0241953769891,0.0717278304065,0.0112913754873#20#3#a20_s3_e3
0.0461633882687,0.160154116256,0.106467954014,0.150301380852,0.000826120212321,0.0333349334646,0.0128711099028,0.0107497107933,0.106814530302,0.000918149822861#20#3#a20_s3_e2
0.0133928571429,0.0759956980982,0.0497499467565,0.0112587973433,0.109650726892,0.0843439723519,0.215930433779,0.0205772288456,0.0313118632891,0.0422929153824#3#3#a3_s3_e3
0.0632284682826,0.0478109462455,0.013829132181,0.0733178483474,0.0677086822616,0.0227324027084,0.217677797839,0.000615429879683,0.102621674006,0.160413387168#3#3#a3_s3_e2
0.0320661157025,0.0586470689495,0.0558197070382,0.0983621270113,0.0844086254069,0.0655774835885,0.160441940618,0.00731567519576,0.0908859685449,0.177847311824#3#3#a3_s3_e1
0.0578776706792,0.0655324326119,0.171021989515,0.0472661207598,0.100442887733,0.0161183703809,0.158800638714,0.00263242967108,0.0226752894074,0.12176797457#14#2#a14_s2_e3
0.100320512821,0.106218691622,0.0226866309884,0.174699823256,0.11985554503,0.162044118675,0.13899422059,0.0159115927817,0.128699954327,0.164794158817#15#1#a15_s1_e2
0.0796221322537,0.27544841958,0.012924352641,0.233724693348,0.190309090558,0.222212367136,0.221250788376,0.0643541473658,0.189435748288,0.28897493889#4#5#a4_s5_e2
0.102018548827,0.145692799504,0.128129358185,0.136287681247,0.142799251997,0.127926521734,0.0592918737711,0.0720551558026,0.0808992952283,0.191815802#4#5#a4_s5_e3
0.130904183536,0.235074366814,0.0665038914888,0.236503416759,0.250310104403,0.282736950919,0.258550757197,0.0620809870493,0.166522087886,0.185892221032#4#5#a4_s5_e1
0.170914192191,0.0786199530433,0.0648003341779,0.0397120286594,0.142473369014,0.0348406095929,0.152882441007,0.128809676801,0.114116920676,0.0806608680163#17#2#a17_s2_e2
0.0145488800502,0.224686812035,0.0877231786832,0.0596875586006,0.089387289066,0.109660166159,0.149755039097,0.128715526964,0.218495687271,0.0444556872056#12#3#a12_s3_e2
0.0660564718073,0.172152140781,0.0152124070668,0.0950051292697,0.0922270127418,0.115528147601,0.0764529531996,0.1544735964,0.242156861463,0.035220207166#12#3#a12_s3_e3
0.0176211453744,0.103663451674,0.0494654492278,0.0268439357666,0.103150483307,0.0905907760346,0.0921521616017,0.0492829624528,0.140673693542,0.0925009638091#12#3#a12_s3_e1
0.107177109974,0.00949727615841,0.0545356948248,0.0178175611264,0.0816543742334,0.0943225941753,0.00474675443186,0.0364647777424,0.0480689510291,0.0769905446756#10#6#a10_s6_e3
0.0130798274002,0.0832983353322,0.00299919038257,0.0102390802028,0.0857093571528,0.132909875414,0.16051431626,0.0898517275418,0.0735522364045,0.241999702881#10#6#a10_s6_e2
0.0552915082383,0.0418739688787,0.0502095007962,0.0508111940302,0.0504114862596,0.11033441751,0.132989885241,0.0562160485857,0.0941783711358,0.254421079576#10#6#a10_s6_e1
0.0159122085048,0.140458421499,0.0781361172859,0.082564781969,0.00175474369545,0.062420368247,0.0269387790035,0.0470882822157,0.0932630315014,0.0863455697068#17#8#a17_s8_e3
0.0439788403693,0.0178132482238,0.0090042450206,0.0234413422297,0.100240885129,0.0187624897633,0.115742275496,0.0280642777487,0.120522183826,0.154836776237#8#1#a8_s1_e2
0.150333333333,0.0219891044545,0.0353946795918,0.0482623875237,0.112972642401,0.135594446028,0.0696045878524,0.0969849131661,0.0535096397314,0.20010944356#8#1#a8_s1_e3
0.122954945885,0.090393860815,0.0559121868221,0.00670903014908,0.0719464116227,0.021402317116,0.12674289946,0.0969100527695,0.096032158381,0.125408898086#8#1#a8_s1_e1
0.0743652898825,0.10528631572,0.0480934459048,0.0861301546845,0.0431972828269,0.0660039674655,0.078457699323,0.151479058348,0.0322249474917,0.0659626932351#3#5#a3_s5_e1
0.0334346504559,0.106649385557,0.0181110973662,0.0216912472992,0.0579643651522,0.0470768603963,0.0230477461565,0.0183248056832,0.0859926542589,0.0740168769293#2#7#a2_s7_e3
0.0422119815668,0.0517378183176,0.0273221402337,0.0392326916518,0.0365298141909,0.0622877714729,0.128696186886,0.0300535276418,0.0775374885573,0.0996461749051#3#5#a3_s5_e3
0.0430035650624,0.109782669614,0.0179146889411,0.0258710366626,0.0110579751083,0.121703244273,0.073824829746,0.0584371578772,0.13082411655,0.148123701091#2#7#a2_s7_e1
0.162946428571,0.0214029295789,0.0120288726551,0.0210161139905,0.178354928096,0.126350491048,0.0770839679722,0.0199072959414,0.179629424601,0.11715170932#1#10#a1_s10_e1
0.0924630924631,0.0268209081166,0.0718596665118,0.111323803219,0.207102546103,0.0756056022054,0.153546655277,0.0462348610766,0.122131549885,0.142712164253#1#10#a1_s10_e2
0.0581730769231,0.00495182968226,0.0436012141571,0.0949351563922,0.203212359856,0.0718790237138,0.0882331581388,0.163315453803,0.0666446141887,0.033260035895#1#10#a1_s10_e3
0.0804350056428,0.0710473693048,0.0297215330555,0.0607604036472,0.0693763037124,0.131684393658,0.120313736929,0.0207708141198,0.107173932611,0.0767980172733#1#8#a1_s8_e1
0.0939060939061,0.0496037512407,0.0526627963426,0.0802027713405,0.137945246651,0.149814433409,0.101154807564,0.00141302832734,0.210858846691,0.0900856509793#1#8#a1_s8_e2
0.0443086916177,0.00148874513056,0.0220928381244,0.0664496168766,0.102085335006,0.112978595762,0.0882403316543,0.00772457266176,0.199913166899,0.0605827893435#1#8#a1_s8_e3
0.0325203252033,0.126032179167,0.00185074068776,0.00772829253828,0.0101430071091,0.0106936023346,0.0506787253083,0.0263521025646,0.00205393130962,0.0132978376548#16#2#a16_s2_e1
0.120788530466,0.0378713804766,0.0889737141757,0.0297956029395,0.0668646808963,0.154603615549,0.0130800966739,0.000281656225115,0.130215569003,0.026685800178#19#8#a19_s8_e1
0.047469083647,0.049143477549,0.00700090055467,0.032308009667,0.0450778018383,0.0187150096031,0.0295174336858,0.00906734343556,0.0323020347755,0.0139627690399#16#2#a16_s2_e3
0.00985280151947,0.0126044322283,0.0034872200071,0.0568267128128,0.00381455216072,0.012290209235,0.0394539925324,0.101122439414,0.0103810459327,0.0558145567176#16#2#a16_s2_e2
0.0525475751995,0.107278236393,0.0488475041222,0.0754669773167,0.0390875131192,0.0232774124843,0.081918484655,0.0684029326256,0.099135073036,0.00514620239779#17#3#a17_s3_e3
0.0135216708922,0.0613792600182,0.0169378326021,0.0809060863861,0.00397187426413,0.0497617732947,0.111039851291,0.0502048130104,0.0324352853303,0.112655091095#17#3#a17_s3_e2
0.0353830645161,0.0606259052811,0.177839118511,0.0856539865285,0.125378921984,0.0627755015495,0.0140526807782,0.0653844373835,0.100812065119,0.15928414714#17#3#a17_s3_e1
0.0327046548957,0.0505819554214,0.069613976136,0.0175806000842,0.0221843823457,0.0546469530127,0.00678760128223,0.0148535611849,0.0483430307809,0.0244441674177#16#8#a16_s8_e2
0.210638297872,0.295443504121,0.0742298857299,0.0534901415927,0.0772954592256,0.297399811649,0.00684295981342,0.297075878728,0.322045359486,0.16418622989#12#5#a12_s5_e1
0.271505376344,0.293784244973,0.0558261377455,0.00507076965361,0.205936458113,0.297031703207,0.0127350501515,0.245768410857,0.2827542516,0.00361311595501#12#5#a12_s5_e2
0.199610136452,0.296058133724,0.075502372032,0.0759423825697,0.27302094413,0.277050344068,0.0610684640824,0.236698041263,0.277881861635,0.0650847559872#12#5#a12_s5_e3
0.0773195876289,0.112537401676,0.00364932168035,0.0729740490749,0.08797431313,0.188537649534,0.119437377556,0.0543344664155,0.14859262289,0.0263170298223#15#2#a15_s2_e2
0.0535344572612,0.00214905793905,0.0616240044487,0.0296490961299,0.117384277675,0.245597569814,5.27355530079e-05,0.0464963073605,0.195630445448,0.0154299130539#15#2#a15_s2_e1
0.175,0.137141035607,0.101611466199,0.183910035682,0.158103511407,0.0870295502199,0.155172600004,0.0670036527208,0.0431274582151,0.100047137462#6#7#a6_s7_e2
0.0479024943311,0.1147045926,0.0312448071775,0.129911849764,0.151921382044,0.0580880931016,0.0809300298317,0.00952925632607,0.0785507560433,0.0475720670256#6#7#a6_s7_e3
0.0344827586207,0.0706862193452,0.0173311538062,0.109805573453,0.120688654483,0.0348094925592,0.0991531263533,0.101353344185,0.0169480391895,0.0886741403089#6#7#a6_s7_e1
0.0179308565531,0.0278806644205,0.175748302931,0.0388954755483,0.0790603146538,0.0535002547745,0.0849529307444,0.153876132178,0.132478340758,0.158228884692#6#1#a6_s1_e1
0.023538961039,0.127583071588,0.147626960293,0.0624924191207,0.0690628697911,0.120386217744,0.0106968683027,0.107162008121,0.0661725142887,0.110676271103#6#1#a6_s1_e2
0.0194674423808,0.0240126313297,0.148062393033,0.016816809905,0.120231284628,0.054961989712,0.164123737779,0.102638647092,0.118099270369,0.0958541476211#6#1#a6_s1_e3
0.15480309771,0.0215070684623,0.0299061008281,0.0523811265974,0.157840735936,0.0985627995287,0.121641974137,0.0834197799428,0.0546108203652,0.0270054635249#7#1#a7_s1_e1
0.0809472679551,0.0360553244417,0.0632562541212,0.0393732951421,0.0842656601129,0.0374817364652,0.112515839971,0.0581602829295,0.0689620119075,0.103322278715#17#7#a17_s7_e3
0.0861349154032,0.0144267025181,0.110884408567,0.0468871724075,0.125333419724,0.0491727049976,0.0789478696304,0.0714520997343,0.038124442929,0.0395132015846#7#1#a7_s1_e3
0.100118753997,0.0159180178224,0.0277153553952,0.029827633647,0.147357566162,0.0610311078261,0.191388194541,0.0749021222067,0.0297769080623,0.105680740456#7#1#a7_s1_e2
0.213708671241,0.0889781188989,0.0168395519357,0.0674819208377,0.182670338784,0.143999230769,0.0540463543026,0.0184090253865,0.000835979403259,0.120854073384#13#8#a13_s8_e2
0.0841346153846,0.00112696996989,0.0291498350969,0.076356799092,0.102159346397,0.0893603963215,0.151786244558,0.13816966516,0.0235299467566,0.109681399525#7#6#a7_s6_e1
0.0432432432432,0.027117686215,0.116560121517,0.0811572718304,0.16499930596,0.116674140502,0.064841903579,0.0818994376579,0.138666054304,0.0634383897796#7#6#a7_s6_e2
0.0352086438152,0.0712746752984,0.00208659091823,0.0585265898632,0.111613491309,0.0569198344588,0.090837080169,0.0304423682514,0.120025477872,0.115821060114#7#6#a7_s6_e3
0.119061085973,0.178698560394,0.00393326224021,0.058253521534,0.109812193016,0.181852642457,0.0525187935466,0.00153282628098,0.137261814457,0.148520244498#8#9#a8_s9_e2
0.0904150197628,0.12367072833,0.0787881742923,0.0866942320649,0.161434452212,0.148093764152,0.0128984627005,0.0310378287903,0.136922867166,0.13024770666#8#9#a8_s9_e3
0.106461086637,0.157905264,0.0120080827791,0.0972062043862,0.101206295276,0.122694561374,0.109528194457,0.0231140913004,0.131088198201,0.0575830159721#8#9#a8_s9_e1
0.0418006430868,0.129184229816,0.116428406298,0.110138742647,0.128789798799,0.128738377943,0.0859967569904,0.0723957708626,0.0220978727192,0.100611320216#5#2#a5_s2_e2
0.0885793871866,0.0123043922328,0.151132802713,0.126367290679,0.198448487462,0.08986079657,0.180886532982,0.0967648044152,0.12087390741,0.0943903003651#5#2#a5_s2_e3
0.160295430566,0.149353565745,0.173803659454,0.107449295512,0.046426904154,0.0115668615824,0.133011308516,0.121868208165,0.087408730152,0.183545870746#14#6#a14_s6_e1
0.109231853418,0.0579018845012,0.157492285342,0.0946205075373,0.191959784873,0.112111994032,0.18358281588,0.0402965907045,0.0489243318383,0.0343834297808#5#2#a5_s2_e1
0.0021978021978,0.0488364525313,0.00349335351006,0.0457675188074,0.173547713623,0.115597957412,0.0804371222152,0.114858850216,0.0370537680768,0.0225079630356#11#1#a11_s1_e3
0.032488857612,0.0306499336514,0.0604661223332,0.0144679189638,0.211191053803,0.124720201265,0.052777394725,0.0893201420248,0.0496663072763,0.0506254276854#11#1#a11_s1_e2
0.025074169777,0.0795851003489,0.0625901944169,0.0346409467172,0.181393323816,0.131170478635,0.0375112523749,0.064561512673,0.0182125101101,0.000595626702762#11#1#a11_s1_e1
0.0213562539549,0.100135713951,0.127596491253,0.095722582178,0.0633304601385,0.0753064979636,0.0083159336713,0.045320806185,0.00640223892397,0.0365432603959#17#7#a17_s7_e2
0.0294238683128,0.0330976816299,0.0729093052145,0.0304811970993,0.00183734352036,0.0526683877054,0.0224480766047,0.114293393082,0.0172537943518,0.00319155488525#9#5#a9_s5_e3
0.0503577325261,0.0661071002333,0.0438335686437,0.090558383284,0.0349523757187,0.0222114520058,0.000667331115723,0.0600742999769,0.00545462124903,0.0276428642026#9#5#a9_s5_e2
0.0599643775975,0.0526610141198,0.0761396056034,0.060330013163,0.0415056623687,0.0447450501308,0.0105327885906,0.14695453606,0.0525186344199,0.0214011884049#9#5#a9_s5_e1
0.0754475703325,0.0263140350007,0.0155170677481,0.00415861211394,0.175942167803,0.103633891093,0.13193860676,0.0660322146743,0.0356382449028,0.022509504046#11#7#a11_s7_e1
0.0403709765412,0.0436635784926,0.0593528310957,0.0592562676567,0.22851215702,0.10406054991,0.0757549911092,0.0784901110654,0.0252078737329,0.0415698023027#11#7#a11_s7_e3
0.0646753246753,0.0184179354837,0.0185055115368,0.0159872805845,0.217449273581,0.118628305166,0.040787298069,0.0544924112049,0.0319690365924,0.0169452532185#11#7#a11_s7_e2
0.0130434782609,0.00929344195537,0.0171121076307,0.00355055762442,0.180836850178,0.248539169074,0.121695263004,0.0709428887003,0.259384130568,0.122296566033#15#10#a15_s10_e1
0.0712871287129,0.0683628844874,0.00973974725292,0.0154209455121,0.190080586204,0.252518501114,0.0445161525982,0.0128176678134,0.250887286148,0.0424382127463#15#10#a15_s10_e2
0.0274074074074,0.0756951551068,0.146117206252,0.0968125409388,0.208012250213,0.117080450484,0.087500780473,0.0118872373329,0.158634945117,0.0629607257293#15#10#a15_s10_e3
0.0711229946524,0.0695041856383,0.0130268269318,0.0509117356986,0.0661509800953,0.0520182181435,0.058729964607,0.0810930504247,0.0913377274634,0.185000960859#9#6#a9_s6_e2
0.0746351172048,0.0520440025013,0.0455696944757,0.0153801077462,0.0682151385453,0.0221747860514,0.0652441714233,0.0162231780787,0.042647346853,0.0134665396509#7#8#a7_s8_e2
0.0775875486381,0.0999763964908,0.0548394919462,0.0115129860534,0.102316630495,0.141955332281,0.174102702573,0.00454249906621,0.179697669649,0.113155758718#7#8#a7_s8_e3
0.030069819105,0.043572890065,0.0942009860589,0.148803269212,0.184442359055,0.0230792578189,0.153054201569,0.16998958111,0.0935525296476,0.0930259814097#18#2#a18_s2_e1
0.0158102766798,0.0995501150425,0.0586333343972,0.0199695111118,0.121183543487,0.0685723980258,0.102667578858,0.0130178672685,0.130827931192,0.0630943539001#7#8#a7_s8_e1
0.101236146633,0.285840093635,0.0498632711645,0.0212208098546,0.184047123392,0.207049315984,0.020817898289,0.100506303456,0.0440279610827,0.169714199463#4#10#a4_s10_e3
0.169151138716,0.272832402583,0.0408383759533,0.0530046624045,0.204167173057,0.204609632667,0.0439449833304,0.0923994241898,0.0780364047098,0.156492492385#4#10#a4_s10_e2
0.165222201733,0.22644711329,0.0442509672867,0.0490689540046,0.190938155647,0.110025006864,0.0671753049526,0.13700514311,0.0962846860698,0.0170512806993#4#10#a4_s10_e1
0.176585223967,0.0417469224973,0.0298158601719,0.0350655735056,0.179630587179,0.0830508398507,0.0857822709912,0.0631527872941,0.0434924847572,0.0382321957124#13#10#a13_s10_e2
0.204257657572,0.114073843768,0.00777875364405,0.100430820179,0.22619157269,0.0982988116635,0.0201120989831,0.0588810551038,0.0600232349217,0.0375402583669#13#10#a13_s10_e3
0.013170800056,0.0537206170369,0.0312145013677,0.0130023285279,0.089849847839,0.0968289936184,0.125477134667,0.0609796014787,0.125102961132,0.108189771445#9#6#a9_s6_e1
0.0376947562406,0.0763722162838,0.0119546654705,0.0302145808549,0.0490171232675,0.0844485846006,0.031540840159,0.102108353256,0.0745382207115,0.0412190018665#18#4#a18_s4_e1
0.0303623188406,0.0173766051266,0.0293564987153,0.01490739781,0.0242004184031,0.055998367899,0.0686073321496,0.0817929949789,0.0652823736362,0.10966248797#18#4#a18_s4_e3
0.00182352941176,0.0646028872544,0.00075128981817,0.0293835648211,0.0506297597161,0.0373275910922,0.0706221919136,0.0689434935182,0.0226175702928,0.100179155915#18#4#a18_s4_e2
0.171113097759,0.0723562560914,0.0684149730032,0.0135736331166,0.104762123438,0.0629965439021,0.0143332155525,0.0417776615503,0.0118495413056,0.0113942506181#20#8#a20_s8_e1
0.200547527571,0.0711993140186,0.107252936658,0.0171995422067,0.111332263296,0.0497297429929,0.0073708368361,0.0686785432563,0.100567454211,0.0181287210026#20#8#a20_s8_e2
0.178159964551,0.0424314427891,0.130809475345,0.0350036146991,0.0744990051146,0.0414814615562,0.073803872524,0.0922940487462,0.0744294388136,0.069742708436#20#8#a20_s8_e3
0.044696969697,0.0369387754908,0.0304058710156,0.0936164996665,0.0451903836843,0.0335068782256,0.0143801577188,0.00853072524436,0.0365946081633,0.0892500303272#17#4#a17_s4_e2
0.0455443174337,0.011675857676,0.0379765997167,0.0597702368994,0.0139861359245,0.0239549340956,0.0759580613569,0.0231395001147,0.054345915501,0.095050490701#17#4#a17_s4_e3
0.0544595887135,0.0256513600459,0.00802594633361,0.135024187733,0.0040514177748,0.0047299630223,0.1030376043,0.0812782409605,0.0510512032579,0.0249485828436#17#4#a17_s4_e1
0.110294117647,0.0547395209679,0.0732417727157,0.00892350409534,0.0227451366773,0.0291676600424,0.0901118749351,0.0680510025176,0.0634655528342,0.0498166303938#19#3#a19_s3_e1
0.0431096681097,0.0454864796423,0.0821149702941,0.0316055353004,0.0755841810138,0.0224989836077,0.0999163145994,0.0462903582917,0.0151027226451,0.0197812437669#19#3#a19_s3_e3
0.0907449399513,0.11252539095,0.0289290743402,0.0384997327605,0.0908115481622,0.0246264201385,0.0140064371884,0.105532130225,0.0480901821366,0.0312375750204#19#3#a19_s3_e2
0.00844594594595,0.216783220878,0.0968129012504,0.0495419746682,0.277484870997,0.087825883091,0.140397003821,0.252095148786,0.184796688793,0.188491065497#1#5#a1_s5_e3
0.00940646528882,0.202070487394,0.0255992422466,0.0264951650477,0.252344597279,0.117505204325,0.0414356858771,0.226239731282,0.132021377997,0.0512694650307#1#5#a1_s5_e2
0.0858828371519,0.277260588365,0.111022901325,0.0637769310737,0.270280723024,0.0352624153582,0.0234903961939,0.204230478815,0.180915670963,0.0615347191317#1#5#a1_s5_e1
0.0950786939159,0.113241460868,0.0140689167825,0.151739358488,0.0743746727959,0.0161923488091,0.0645849028079,0.146353009777,0.0688315927538,0.0845883515522#17#2#a17_s2_e3
0.184338184338,0.0881454701447,0.0728194951715,0.0716779399535,0.14435468873,0.159263264304,0.140186699792,0.0541538829962,0.277043843519,0.0477725305414#4#2#a4_s2_e3
0.0696243947127,0.138451288497,0.00259530423696,0.0653910488815,0.196491779101,0.105736917016,0.0714733201153,0.061660969018,0.142376998693,0.00907890615318#4#2#a4_s2_e2
0.247427101201,0.00696996879577,0.0153158980787,0.0562502037201,0.166636196716,0.261092966809,0.114473288836,0.031731517014,0.202382912385,0.0611401303797#4#2#a4_s2_e1
0.0948373523224,0.0463360405363,0.0295946047567,0.0882639917534,0.0205261982595,0.0487080750504,0.0549458330338,0.00126359834082,0.00533244554215,0.00221070250065#16#6#a16_s6_e1
0.0377396980824,0.0278775464373,0.147026015339,0.0236705524342,0.0648212513639,0.00100671725911,0.0821775184782,0.0117173676902,0.0958911645608,0.0313402737661#16#6#a16_s6_e3
0.0247489239598,0.013803707133,0.0531820485907,0.00638272921358,0.0328497344294,0.00277743403866,0.00568036394774,0.0172257242048,0.0645958894722,0.0399022802574#16#6#a16_s6_e2
0.0252116304748,0.0168094682564,0.105381898275,0.0560571686005,0.0965864895047,0.0723704302068,0.151033955938,0.0230266878953,0.0419848017772,0.135677812681#9#3#a9_s3_e1
0.019536019536,0.00996488962527,0.0919365614849,0.0765446778319,0.0921270039601,0.020321009046,0.124775616123,0.0597236095928,0.0703330120225,0.0707226070748#9#3#a9_s3_e3
0.103313634445,0.00888988713161,0.0902805466608,0.0429653012358,0.096593142284,0.0247911538112,0.198261886146,0.0279319990287,0.0225807564862,0.0915841220788#9#3#a9_s3_e2
0.154787616991,0.0204892220045,0.109035914003,0.186938990883,0.167340602112,0.138046584927,0.246248587028,0.0988768312108,0.000683608219405,0.214308684117#14#10#a14_s10_e3
0.0991692627207,0.153102813704,0.152091962592,0.160590684809,0.0778210059109,0.0630925527568,0.169930860814,0.124675009132,0.0241480055607,0.126530280102#14#10#a14_s10_e2
0.0696926713948,0.0146751637122,0.192855159557,0.117670759001,0.124406300013,0.0371522701495,0.197083632188,0.0805037891162,0.0320723813328,0.202758004038#14#10#a14_s10_e1
0.0487329434698,0.0168545718258,0.0140710526927,0.00786963156366,0.00413156261395,0.113998601076,0.148332846119,0.0335619519755,0.102847614918,0.268574842971#10#10#a10_s10_e3
0.0117647058824,0.078027605318,0.00841750604207,0.117310589978,0.0461849859648,0.0226489992658,0.097642535254,0.0130322289115,0.135176143161,0.073162945934#10#10#a10_s10_e2
0.00968079539508,0.0210398194276,0.0194018077961,0.0391238847488,0.0550835521297,0.108655908853,0.16304055732,0.0251689247004,0.0866707558993,0.217849031404#10#10#a10_s10_e1
0.096728151076,0.165679263534,0.129684315858,0.0316479770063,0.225561572814,0.141774312565,0.0223624987924,0.0209862982968,0.170231148292,0.142919441039#1#3#a1_s3_e1
0.139566074951,0.0848070112257,0.221440532028,0.173578305022,0.0461385286925,0.0551358653395,0.158623626828,0.0904385405364,0.0918597183352,0.220686851307#14#6#a14_s6_e3
0.0243740673189,0.198673095906,0.137449608101,0.0237557741876,0.242896839595,0.132054233684,0.0237272085366,0.027228226956,0.169397658699,0.156691544802#1#3#a1_s3_e3
0.0102430555556,0.0385298880437,0.0830831402128,0.00683202478824,0.0274840516771,0.0346110707065,0.179990166284,0.00867201605032,0.0724788551693,0.125810375535#1#3#a1_s3_e2
0.0567353067353,0.0645890417311,0.1753626307,0.0343283969535,0.263914862431,0.00292648214494,0.236051890889,0.0811034497736,0.0029580226291,0.182912932674#6#3#a6_s3_e2
0.0852959246365,0.0503042999032,0.0682887092824,0.0264058834174,0.2480828645,0.00853740943793,0.255155318378,0.112243196301,0.0574346418997,0.191224194329#6#3#a6_s3_e3
0.0446554149086,0.00409479144239,0.0275393045927,0.0247548176283,0.188305842409,0.083852317975,0.193465120889,0.0356295123145,0.0135577331779,0.170668183311#6#3#a6_s3_e1
0.0667835232252,0.0897425997268,0.0716774365063,0.0283949399816,0.053163992894,0.000223523559608,0.139257282597,0.0301325087091,0.0278146118588,0.170194405052#6#9#a6_s9_e1
0.00402718348855,0.138215121181,0.0851887800531,0.0155333278391,0.0815848963928,0.0489191033422,0.155113674088,0.121477004783,0.0126113757359,0.153971739838#6#9#a6_s9_e2
0.0573073073073,0.0479850378751,0.00321241628848,0.0122997644931,0.0586283652296,0.0977058057171,0.136836897661,0.0929470108731,0.0487961130385,0.103734483669#6#9#a6_s9_e3
0.0349527016194,0.0274742137105,0.0871195986931,0.0985894704913,0.00875542999703,0.0155531652467,0.123334968114,0.0259264067126,0.0718883831402,0.110847903899#18#8#a18_s8_e1
0.0262345679012,0.0619541856174,0.0364716013985,0.0780990153399,0.136554237927,0.0499126899753,0.0668425814316,0.121475844342,0.0775635865972,0.0284970700751#7#2#a7_s2_e1
0.0380952380952,0.0527691339221,0.0371145661788,0.0738797337436,0.136668750104,0.173312476612,0.118693177669,0.125586404952,0.132804960601,0.150306912419#7#2#a7_s2_e2
0.0800732097918,0.0100065186818,0.0921859308471,0.0128599921209,0.0665415796052,0.142869131991,0.0714581332171,0.0426407529336,0.184780349914,0.0890077720588#7#2#a7_s2_e3
0.0342438374417,0.0248956048445,0.0392755889451,0.0160200427443,0.00928085883878,0.137526049273,0.0293543014627,0.0278540255519,0.0784834099511,0.0324818299763#16#5#a16_s5_e2
0.135034482759,0.139773638751,0.0370798997735,0.127323026046,0.115526484486,0.161489276592,0.103315969743,0.0612319309034,0.0684382242632,0.119568341753#17#5#a17_s5_e3
0.0154421768707,0.0028701682813,0.00358594661494,0.0240328921048,0.0359491245803,0.0372722697266,0.150484441597,0.0212304903568,0.000593658676212,0.0766914661346#12#8#a12_s8_e3
0.0490772497142,0.0332612226238,0.0111711815047,0.0115277575075,0.00595909065409,0.155140097583,0.156894200525,0.114803598351,0.0497555576764,0.17527280458#10#8#a10_s8_e1
0.0422297297297,0.0478599159485,0.00266407511602,0.0433186417276,0.0145776904868,0.152682728923,0.233984360162,0.142484828317,0.0577340845909,0.277757227261#10#8#a10_s8_e3
0.0322548231511,0.066621814275,0.0325633315333,0.00126010918436,0.0474827365477,0.153510786317,0.201467577303,0.105117248101,0.0479132155204,0.215498498824#10#8#a10_s8_e2
0.030584326754,0.145961513962,0.0195429897919,0.0289037734854,0.0839839960313,0.130529387153,0.0865897891317,0.0193975247848,0.217779349541,0.0317365884426#8#8#a8_s8_e3
0.149449481865,0.102578272719,0.0817952763444,0.147190524282,0.0845526560899,0.138363609876,0.163486014114,0.0427574900619,0.0428770423673,0.12853726903#17#5#a17_s5_e2
0.0874731386677,0.0161676817988,0.0224521435504,0.0641039305345,0.0509469374871,0.0529755058018,0.075874308073,0.0161622517015,0.00609625451287,0.0178707254086#20#1#a20_s1_e1
0.0317308712724,0.0739913387489,0.00186663828459,0.0440734996904,0.112436862923,0.00483292547455,0.191793080203,0.000239389082908,0.106784540263,0.237753879374#10#7#a10_s7_e1
0.0432980972516,0.000670044732526,0.0941306249608,0.0271600554009,0.166439040467,0.166972251131,0.155964417109,0.130942734411,0.120249029912,0.101230963099#15#6#a15_s6_e2
0.0632183908046,0.0394975807,0.00933417515895,0.0352548618076,0.194074382503,0.140429808085,0.0881737777911,0.145811457998,0.12409248474,0.0762835281102#15#6#a15_s6_e3
0.0564330079858,0.00369014093341,0.143555890753,0.0530773943698,0.147260157277,0.125110881565,0.00156478436513,0.0969706793189,0.113778678741,0.0645153973305#15#6#a15_s6_e1
0.0206193838254,0.0497187516052,0.0155543670443,0.0139234253822,0.0968712293431,0.113147020273,0.186440077349,0.090577710317,0.111594080885,0.229182369826#10#7#a10_s7_e3
0.23899237934,0.0271435420033,0.00701482608766,0.0161142859839,0.14417004235,0.0296349244944,0.190703852126,0.0724216771305,0.0222818874223,0.047771539983#13#4#a13_s4_e2
0.202560026089,0.0166402170966,0.0324570837188,0.000671130837489,0.177699359184,0.0367946030857,0.1354707371,0.0777956011072,0.0826585812913,0.170588885056#13#4#a13_s4_e3
0.192589253516,0.0143767617521,0.123855827729,0.025808407999,0.1099854126,0.0380217328404,0.273732352614,0.0552231998627,0.0424657608336,0.0377586369671#13#4#a13_s4_e1
0.190287375854,0.00122219797508,0.00695124548889,0.112426987676,0.273006167503,0.00650116118327,0.168302797454,0.0717778215061,0.0123586278133,0.100629705024#13#2#a13_s2_e1
0.0718081819305,0.0505802298027,0.0628236229404,0.0592971260499,0.0268841419607,0.00635264639295,0.0734449666489,0.12322872897,0.00854477641499,0.00751228856262#13#2#a13_s2_e2
0.199749617471,0.0352179496338,0.0141576784239,0.0162876948989,0.129095489684,0.0318285822321,0.0304402693375,0.0885238447374,0.0366757786414,0.0487244089081#13#2#a13_s2_e3
0.0384137601529,0.0433019189078,0.16003630906,0.0124391524452,0.10054601147,0.115418974841,0.0972121573179,0.123196866951,0.0260658072698,0.0556737413608#19#5#a19_s5_e3
0.0434782608696,0.087482336028,0.0290149062202,0.0709286983827,0.097731088616,0.0523338146313,0.0662957566651,0.141288424226,0.0181955883653,0.133246585464#19#5#a19_s5_e2
0.0470319634703,0.00793883820523,0.0206514644585,0.0833937982781,0.0894378816351,0.0303415198262,0.149203410389,0.0756724710935,0.0306772226528,0.121576522246#19#5#a19_s5_e1
0.00251730648206,0.076768532907,0.115073005551,0.0953733294527,0.12823429177,0.0175618065578,0.0697895271345,0.0897084176666,0.138701475969,0.0608755980521#17#9#a17_s9_e1
0.0546132339236,0.00512993415543,0.0694107760063,0.125171911504,0.123448549004,0.0085028786662,0.0202922509221,0.105021417784,0.0988541095876,0.0798070548668#17#9#a17_s9_e3
0.0674931129477,0.027653108714,0.0263396337489,0.0697167458329,0.105260462276,0.00154430604806,0.0241781187365,0.0780884225239,0.193527704937,0.100353056503#17#9#a17_s9_e2
0.180934162283,0.147261361562,0.0565369606199,0.0461227313114,0.115091700493,0.181308465155,0.0822177678851,0.139097192699,0.160656893787,0.0524129770631#4#9#a4_s9_e2
0.0283737024221,0.0111292590495,0.122668987513,0.121860479592,0.110779145768,0.0366925877636,0.0154872840802,0.0974433595949,0.0674315256452,0.0834570173133#4#9#a4_s9_e3
0.0907932462568,0.0707469368991,0.0674332191505,0.0943926406578,0.112265335562,0.0413109672176,0.000969969422798,0.0279381542369,0.0789514492378,0.0449040788121#4#9#a4_s9_e1
0.00339688801227,0.0461237938462,0.105607967585,0.0972919085134,0.100040672075,0.0201048146001,0.191954025327,0.0391117572297,0.0229763138326,0.193930656935#14#9#a14_s9_e2
0.0543735224586,0.049112103971,0.225619272317,0.0227504412097,0.097999550516,0.0816405832329,0.213104614726,0.0413708142383,0.00224847471259,0.206744180323#14#9#a14_s9_e3
0.0946524064171,0.0585276974989,0.126709166511,0.105132260443,0.192442371198,0.0706161347234,0.126217749436,0.125933650029,0.0196367624966,0.0483007684983#14#9#a14_s9_e1
0.13432967033,0.0127960679301,0.0326605024871,0.102684823331,0.0252516501343,0.121798329202,0.150172123094,0.149825985284,0.014837587228,0.256306241393#3#7#a3_s7_e3
0.10718512257,0.0535737243551,0.075948946963,0.0579947041301,0.0477201929521,0.0794658449766,0.2587204355,0.103031784058,0.0623601845135,0.250916409389#3#7#a3_s7_e2
0.0637254901961,0.0658120097565,0.0156353381911,0.00286370699081,0.00499685014872,0.0211644556157,0.170954159683,0.108802611428,0.103330589045,0.194486991809#3#7#a3_s7_e1
0.0709651661843,0.142783295234,0.053718196945,0.0962563953733,0.0804033412505,0.195636208547,0.0485742965829,0.0858185397158,0.204169110311,0.138315258562#12#7#a12_s7_e2
0.1,0.148657322951,0.104047207693,0.0376235222597,0.127225402188,0.18944357299,0.00340323355027,0.144586537248,0.196233670534,0.00544136762961#12#7#a12_s7_e3
0.0473684210526,0.12090162712,0.076923351495,0.0508392214416,0.0966037290675,0.168660155427,0.0641395000776,0.148291684229,0.18619040228,0.0243297775136#12#7#a12_s7_e1
0.0682536730519,0.0656664540057,0.0134616142578,0.0968172445429,0.0192396315254,0.107125540823,0.0585840664584,0.0802780502586,0.129164012648,0.120076363999#8#4#a8_s4_e1
0.0179294389821,0.070767756538,0.0669981673951,0.0359043379565,0.0548403706246,0.106976670615,0.0311009788932,0.0524388518784,0.142436895001,0.0859183146798#8#4#a8_s4_e3
0.0591430914309,0.0801513293714,0.0790336148492,0.0963288556448,7.64196187111e-05,0.0611902185192,0.043591676817,0.0416172931059,0.092885824919,0.0204953323999#8#4#a8_s4_e2
0.0390038077596,0.0580970934803,0.0341504799345,0.0203986683015,0.0586244655896,0.00664713459114,0.0102911697106,0.0115707618488,0.0108302143826,0.069281693484#16#9#a16_s9_e2
0.0160111381831,0.0830587812583,0.0296621693276,0.056289425526,0.0536929995099,0.0489526900676,0.0822281630439,0.0550232410508,0.0586351040508,0.151415751303#9#8#a9_s8_e1
0.0353628536285,0.0672930158364,0.0172193450708,0.0556515512701,0.0688561518863,0.00476717527557,0.0524254836051,0.0162526616513,0.0223998149139,0.124256681008#9#8#a9_s8_e2
0.00789007092199,0.0587994069133,0.00408301763214,0.0344888726618,0.0477574308025,0.00673379390037,0.0724850871724,0.0383859774312,0.0163153340731,0.162754538707#9#8#a9_s8_e3
0.152163461538,0.0326864362686,0.0144203621432,0.047232375979,0.169587375816,0.176026515305,0.061759822821,0.147795200808,0.00962552369322,0.183275344828#11#3#a11_s3_e1
0.0933014354067,0.00183395972788,0.0343207439148,0.135354062155,0.129519665842,0.0525951277511,0.170749167713,0.0429709141707,0.0497841098827,0.0786846222605#4#1#a4_s1_e3
0.0752212389381,0.00285212953003,0.0659851537975,0.09773587403,0.196156203607,0.201256464344,0.0283783637497,0.145086558682,0.0231869082777,0.0465274900185#11#3#a11_s3_e3
0.13273278794,0.0335293880777,0.0712200915341,0.0952119156786,0.207225383241,0.208031646359,0.0127452873518,0.137189997012,0.00569784864132,0.142170087258#11#3#a11_s3_e2
0.196333333333,0.0129190153655,0.0171421205106,0.0179199837058,0.192028432626,0.184018599415,0.17530460475,0.149771669131,0.0390046230173,0.180881383963#10#5#a10_s5_e2
0.131485958713,0.073713383175,0.0789156632846,0.103671346989,0.198074105411,0.214662890741,0.0630482346045,0.15337903131,0.0256687839145,0.176848760231#10#5#a10_s5_e3
0.178785607196,0.00746025831091,0.020562709076,0.0941771269919,0.135249966757,0.189620388767,0.108158978122,0.0697130237071,0.01046883253,0.218232921363#10#5#a10_s5_e1
0.0416838063897,0.0372726191716,0.0269692875766,0.0737176600614,0.126821055741,0.0137359182139,0.152129287058,0.0859101830072,0.0916523847441,0.167969008173#6#5#a6_s5_e1
0.0853196430754,0.013892380493,0.0130456990073,0.0175641035353,0.130998907246,0.0431366559256,0.138047449418,0.0909134018665,0.00806020011775,0.215823819277#6#5#a6_s5_e2
0.0514453203962,0.0993612717827,0.0399089515986,0.0238707884062,0.117572368838,0.023925784521,0.169822426515,0.0834754933942,0.0331334860317,0.184395786287#6#5#a6_s5_e3
0.0296774193548,0.130987843303,0.0525735446498,0.0277031665837,0.0947838523905,0.0684243473549,0.11209143775,0.0926922513388,0.0757138159504,0.241348534805#6#10#a6_s10_e1
0.00110537951363,0.111208142875,0.110285373234,0.10475588704,0.112673788797,0.0234489298979,0.176295557635,0.134426531979,0.0120763315985,0.213019485254#6#10#a6_s10_e3
0.0446896035901,0.0623506506146,0.0477069308488,0.215803825089,0.145853409662,0.0896657880275,0.130141393171,0.113921321309,0.0568419627409,0.18740920267#6#10#a6_s10_e2
0.0465052283985,0.0593096671528,0.0803514319632,0.0954603521775,0.061757501908,0.100815713541,0.075710974322,0.0766320090147,0.0505556347134,0.120875918994#17#6#a17_s6_e1
0.0540540540541,0.0525936488042,0.00423475014961,0.0222500705952,0.0145210635086,0.0662006221291,0.086843570186,0.102596508373,0.055503901113,0.104887977358#17#6#a17_s6_e2
0.121143595542,0.0670936401345,0.0204776298201,0.0765369653196,0.00249661481094,0.0966011381087,0.12069108546,0.0126742179883,0.136501705142,0.0833158603531#17#6#a17_s6_e3
0.059496996997,0.0991019795541,0.0359377257304,0.0408898215883,0.0431515283077,0.0463190316145,0.138757667961,0.100693269531,0.112234616451,0.08826950498#3#5#a3_s5_e2
0.028422681863,0.038120142288,0.0294178024192,0.0309291824218,0.0217323124471,0.0543655977017,0.0204280169949,0.0305446772412,0.0529825227698,0.0839784985867#7#4#a7_s4_e2
0.0359781561195,0.0327082746485,0.00361987659508,0.0222805862115,0.0232542796919,0.0967851228682,0.0620944142082,0.0271888435602,0.0466028458903,0.0756053070909#7#4#a7_s4_e1
0.227156253407,0.0437151166319,0.00456807069007,0.00493285124264,0.248444536945,0.146598486726,0.0493523054814,0.0226294950423,0.148871196628,0.0430572770553#13#7#a13_s7_e3
0.271343303601,0.074535720962,0.0196031085806,0.0358206936351,0.191157261465,0.053126216057,0.054893535337,0.000123238871209,0.110016948961,0.165893159824#13#7#a13_s7_e2
0.271001344086,0.0131090974358,0.00546917667995,0.0451123091717,0.24444771722,0.0322107259506,0.0442099737174,0.0919715436559,0.214518382262,0.00623157459647#13#7#a13_s7_e1
0.10853634383,0.175042935247,0.0402902980175,0.000728040634263,0.0591011599626,0.0626238017926,0.13693868985,0.0100883116612,0.0201043651735,0.21899432799#12#10#a12_s10_e1
0.0682340647858,0.178399176343,0.058422051652,0.0781290567286,0.111012700338,0.0273600675641,0.144114478111,0.0356272451987,0.103592935122,0.0983880755334#12#10#a12_s10_e3
0.150489631336,0.219661113372,1.08524622477e-05,0.0068439898472,0.15694148999,0.00795088991501,0.177815813697,0.0175923545842,0.133309453062,0.0696840485792#12#10#a12_s10_e2
0.161508922521,0.0132568983909,0.0148453652957,0.0174657397516,0.254591131656,0.247905864256,0.0728181010116,0.118288380812,0.0642282210355,0.00106784347616#11#5#a11_s5_e3
0.195757250269,0.190423371016,0.00124814257383,0.10238614722,0.098238995678,0.0709690639066,0.106511753229,0.105073049667,0.105507783971,0.0990943212937#11#5#a11_s5_e2
0.209821428571,0.0508250814335,0.0749591981611,0.0340540912676,0.303640948553,0.154779404793,0.245131390572,0.00735082706295,0.0944147220199,0.167344534176#11#5#a11_s5_e1
0.0452372823489,0.163554636683,0.0713206710076,0.080686772109,0.0616144899908,0.0302494972281,0.0347151753064,0.0141308863332,0.0942932070697,0.0757712491527#8#10#a8_s10_e3
0.117078651685,0.125245608039,0.0288736632004,0.0288591392558,0.0670314492825,0.0209858261169,0.0950346641675,0.00188296875307,0.11722426879,0.0676607454161#8#10#a8_s10_e2
0.00192139737991,0.165745139375,0.0623593406736,0.0548198173252,0.10496489511,0.0655600981136,0.146153034158,0.0743496613819,0.090958004209,0.195711074387#8#10#a8_s10_e1
0.0389820535452,0.162799534796,0.105220527086,0.0727181001748,0.0547964125758,0.00229147059893,0.0487400354911,0.0374388421443,0.0875749040759,0.0373831495154#3#9#a3_s9_e1
0.0588789045785,0.0957675614388,0.0201138846065,0.0150312144267,0.092282132884,0.0785180247901,0.166258108088,0.00236176768655,0.130196216559,0.0936610472368#9#6#a9_s6_e3
0.0712074303406,0.0173262957085,0.0146809592482,0.00287448223189,0.00456969141326,0.0440100333476,0.125029491412,0.0564449754217,0.0836225173849,0.0660839063478#3#9#a3_s9_e3
0.0716666666667,0.156426720467,0.0156511581142,0.017849446121,0.0532559657365,0.0118140550378,0.120210695766,0.0421598879789,0.0915824973821,0.110404745758#3#9#a3_s9_e2
0.0101284445199,0.0398005975851,0.0931979106955,0.00751433107529,0.101701606262,0.0799155370508,0.0554306865458,0.117696046167,0.0290041416168,0.0262963946994#19#7#a19_s7_e1
0.0929963138494,0.129777298556,0.04436483282,0.100241255162,0.0936820827473,0.041720979213,0.0823608799579,0.0781450907299,0.105692496268,0.0286863041416#19#7#a19_s7_e3
0.0199895342752,0.107633185845,0.0171852769404,0.149111877482,0.0803355614415,0.0631048141724,0.0336492205142,0.0202952209839,0.0546169151654,0.0251369078898#19#7#a19_s7_e2
0.0686885865457,0.146048874711,0.033814120115,0.161362015286,0.0369458363003,0.167727702511,0.126447347096,0.0661070979334,0.121937119442,0.206428214494#10#3#a10_s3_e1
0.0913662239089,0.0370116246083,0.0594371737356,0.0718695707578,0.00812756741594,0.165161895241,0.0285362517712,0.0764993495279,0.139260132507,0.280212279411#10#3#a10_s3_e2
0.0677787532924,0.135823897096,0.0433815991491,0.186876391201,0.00823594977284,0.139260381788,0.184339961607,0.068525201275,0.0839498453227,0.186813969365#10#3#a10_s3_e3
0.0696527777778,0.0390563244592,0.0199671667696,0.0335358665841,0.0326773699059,0.0504893812614,0.0393501038778,0.0373541881863,0.0642449873061,0.0339709073672#16#5#a16_s5_e1
0.0125490196078,0.0422036766097,0.0591960029623,0.0328444145826,0.0450978204225,0.121436241402,0.0803320215843,0.00457805326127,0.0381586261276,0.0404138277497#2#3#a2_s3_e2
0.0873888016745,0.00486621336731,0.0850470889338,0.0305076828854,0.0448228076093,0.0347515630047,0.0411565434482,0.0278886953907,0.0461916421861,0.0612918007183#2#3#a2_s3_e3
0.0333643988816,0.0786259558846,0.0279898216698,0.0586794700716,0.0127204332836,0.119219431913,0.0617369322017,0.100175560423,0.0888487374441,0.0394447270995#2#3#a2_s3_e1
0.0898245007348,0.0226127037017,0.129706897725,0.0182456399404,0.057261832447,0.0192581479942,0.0601458683442,0.0907550796286,0.0136903090376,0.0265744183713#16#5#a16_s5_e3
0.0928801431127,0.00374677206676,0.00591385699984,0.097443450615,0.0567838192042,0.00289370305211,0.0511627293259,0.111584224229,0.127466043536,0.0280919834093#17#8#a17_s8_e1
0.0515699523052,0.0622012515541,0.0646820079878,0.0219919745627,0.0242527428516,0.0160643843985,0.0141788978543,0.0938182183859,0.0179736122923,0.101574322084#18#6#a18_s6_e3
0.0477855477855,0.0580550889653,0.0403922305965,0.012084391011,0.0759802095042,0.0322970382903,0.0766816392056,0.132723494011,0.02083228928,0.109697564515#18#6#a18_s6_e2
0.13381294964,0.0449200771218,0.156589246855,0.0524945704587,0.100116103569,0.0508285370224,0.118603866467,0.141574530912,0.0936139177503,0.115316273354#18#6#a18_s6_e1
0.0414278070779,0.0482842635258,0.0374645734786,0.0265509669906,0.0208357813393,0.0100177421291,0.0453080896565,0.0488911533519,0.0799696631187,0.000508693983969#19#8#a19_s8_e2
0.0472837022133,0.0460505264276,0.0295037937733,9.01606632424e-05,0.0473503915288,0.0591055321709,0.0489819675035,0.0310379444452,0.0742055975261,0.0278211165029#19#8#a19_s8_e3
0.000969618616678,0.0581768263174,0.0953349650176,0.080118050771,0.00338840188499,0.0334607970268,0.10415376987,0.00678962639918,0.128261751436,0.0717539878501#3#1#a3_s1_e1
0.00648967551622,0.0160676411251,0.053010702173,0.109279184796,0.00564015631592,0.0679729102918,0.00456054454142,0.0461761398691,0.0947269873162,0.10749440035#3#1#a3_s1_e3
0.0646516671185,0.00227118975665,0.0601465331665,0.103135809163,0.00957693258064,0.12190255899,0.00174560291325,0.0746424637374,0.0932015846411,0.0184249469783#3#1#a3_s1_e2
0.0618905472637,0.142240154208,0.107676137011,0.102477945859,0.0375345781506,0.160615133785,0.0960371398064,0.130186240421,0.210870831988,0.0765038602862#12#9#a12_s9_e1
0.155909090909,0.180373616734,0.0671991924177,0.0194052692528,0.142383206967,0.226136430128,0.0396091699517,0.159984258416,0.234703609619,0.085534642338#12#9#a12_s9_e2
0.18017524644,0.195015125471,0.0540499520664,0.0546152093347,0.115769294729,0.277913486457,0.100422912382,0.172158713575,0.271248366421,0.120327434095#12#9#a12_s9_e3
0.140221819828,0.0364518006213,0.0642570052994,0.0576816700097,0.0689697829106,0.0847161220908,0.0713306748882,0.0644958781872,0.0589840390159,0.093907265481#17#1#a17_s1_e1
0.0856777493606,0.0788882808558,0.162299147985,0.0782266002566,0.113978233795,0.0265574647741,0.152349293929,0.119089119866,0.0395749569981,0.131939131765#17#1#a17_s1_e3
0.126029748284,0.0300802625428,0.0627757838517,0.133611743791,0.117387522029,0.0216722119586,0.192196953466,0.153914838018,0.0410869275893,0.106960734115#17#1#a17_s1_e2
0.0990158666399,0.021906751087,0.0127901159419,0.00973708143894,0.0894361947729,0.112082912884,0.0525310682542,0.0469354844078,0.0898556188404,0.0929175574195#18#3#a18_s3_e3
0.0308426073132,0.116036261155,0.0755697154844,0.0704945793983,0.0192794084858,0.0128940807059,0.0993147476169,0.0774587818556,0.182118667225,0.00902810522471#12#4#a12_s4_e3
0.0393262568185,0.0661275737947,0.0924181098204,0.000811408071815,0.0423291437818,0.119845636143,0.104681358605,0.0086952888625,0.0273594096016,0.156228750013#14#4#a14_s4_e1
0.0604197714853,0.00729451897905,0.242885253475,0.00580855405107,0.0911956243111,0.00585160421663,0.165448051468,0.0266366006156,0.00411563438914,0.112947115621#14#4#a14_s4_e3
0.051935483871,0.0320031113921,0.166242357934,0.0566657869278,0.0593966527575,0.0154344249972,0.102483455237,0.0928225782815,0.0303091693724,0.0601076939963#14#4#a14_s4_e2
0.0828994562073,0.0517543658073,0.0788822090631,0.0463394560677,0.0833097347111,0.0881695079474,0.0049560164697,0.126931418113,0.0586463982715,0.0344016374696#12#4#a12_s4_e1
0.0189343095383,0.0477653096985,0.0121385463597,0.0562863835811,0.000244954385865,0.0273148848084,0.104199128594,0.0464162477534,0.067092821967,0.0134237743722#20#2#a20_s2_e1
0.00676136716085,0.00971911701723,0.0280174159072,0.0247561002431,0.0504756230153,0.0481209763356,0.00401527333224,0.0650320037862,0.0810651601398,0.110774106625#18#8#a18_s8_e3
0.0267968056788,0.0430193239723,0.0529217419445,0.0632060261528,0.041433635849,0.0245744711207,0.0866842349196,0.0796132272788,0.0588003319755,0.0421044824519#20#2#a20_s2_e2
0.00421986919963,0.0902004418842,0.0244843981849,0.0668534379019,0.00445767322237,0.0214576987492,0.0107767157021,0.104515790421,0.0853785357313,0.0209394237885#20#2#a20_s2_e3
0.00446428571429,0.00149614530729,0.0957081359522,0.145301750649,0.00830364207266,0.0719656384357,0.0997922013419,0.0835531385103,0.0912082720752,0.00239865055015#18#8#a18_s8_e2
0.145607537716,0.00406366522133,0.0518506494598,0.0719660608513,0.0687725408161,0.000344624882825,0.0938510056,0.138776200769,0.00579213505357,0.0300099762361#20#10#a20_s10_e1
0.169585891417,0.0471564334601,0.10182979432,0.0844855808396,0.0415734865919,0.0287162495156,0.0336580805435,0.00598165627996,0.0753147314293,0.00608347476313#20#10#a20_s10_e3
0.0281577747378,0.121339403883,0.0622712915654,0.0185873450618,0.0469319091949,0.00466114284407,0.0375610811341,0.0338491154663,0.00691426259574,0.156294151713#4#6#a4_s6_e3
0.0261196729614,0.120813230279,0.157076420783,0.0302178931063,0.071718593055,0.0213787344497,0.0610502895713,0.0844817509703,0.0465633271469,0.0101684557127#4#6#a4_s6_e2
0.0944683908046,0.0383224310512,0.0960878821098,0.0526856868582,0.0727128168818,0.0847828878375,0.0362440455074,0.0583771125669,0.0937093925079,0.229639618393#4#6#a4_s6_e1
0.00791666666667,0.0136804986093,0.119824427677,0.0152673608947,0.127244070157,0.0198276952374,0.130823892905,0.0187825282659,0.0384465725503,0.068807320265#7#3#a7_s3_e3
0.0329106280193,0.0110673740834,0.0866090209164,0.0196320221178,0.0758024654189,0.126353633838,0.0766762705008,0.00639689750968,0.034147650781,0.0775183599627#7#3#a7_s3_e2
0.139540301289,0.0367595664548,0.131854298177,0.00942075190399,0.0455312882032,0.0782513819336,0.135576752169,0.0167571981325,0.0162997504444,0.131748170624#7#3#a7_s3_e1
0.0557656715217,0.00804489073959,0.0551343734169,0.0804473776012,0.156656701029,0.0277918452748,0.0579593560091,0.0937842774812,0.088305763314,0.0259997293711#18#9#a18_s9_e1
0.0573465507876,0.0655246767074,0.0260279491213,0.0206638005649,0.0405830182264,0.0156252529061,0.0381463852311,0.0199539547358,0.0373374044162,0.0188940619687#20#7#a20_s7_e1
0.220524193548,0.122831827643,0.0293439166415,0.0738406528119,0.237324093381,0.053861177436,0.0411364377536,0.106302382106,0.180221719617,0.056597204565#13#1#a13_s1_e1
0.171949614589,0.0875265775735,0.00607572599981,0.0466416809781,0.2063178263,0.0395311205105,0.081603833127,0.079705754952,0.0183889877335,0.0961588473486#13#1#a13_s1_e3
0.189851984323,0.0272605962256,0.0606681351126,0.0249814699226,0.171131408668,0.0172716747263,0.0669331868434,0.0857211613762,0.161950042947,0.115514857614#13#1#a13_s1_e2
0.0703363914373,0.0917505677233,0.0363136526618,0.0291782042673,0.114274172906,0.0668443766491,0.0183495929308,0.116118061343,0.147272761111,0.0301098328448#8#2#a8_s2_e3
0.0739599383667,0.0532502166949,0.0394786392632,0.000641757689191,0.0716875082241,0.0693211385319,0.124542291396,0.11535046774,0.141515693714,0.0420280173052#8#2#a8_s2_e2
0.0173913043478,0.104042567741,0.0120264829837,0.0334989800955,0.0289328808689,0.0279184154164,0.0176922167371,0.0579654600914,0.179908044088,0.0590298926143#8#2#a8_s2_e1
0.00952380952381,0.117440448606,0.0635146407817,0.152954807505,0.0211416111634,0.00112738398713,0.00240720766419,0.0028840794169,0.045567550841,0.0438168224614#7#10#a7_s10_e2
0.0283467825367,0.0502746091568,0.0153903791748,0.105747271929,0.107040638245,0.033281828617,0.0913932632948,0.00656394294803,0.0317998604176,0.106931889326#7#10#a7_s10_e3
0.0676751592357,0.0535053766279,0.101960042462,0.0807475250882,0.107072301183,0.0550985833958,0.0349708969757,0.00835491095911,0.113843582006,0.0867591195707#7#10#a7_s10_e1
0.022320441989,0.0971107917012,0.179645489748,0.180129777234,0.091062645648,0.170813394424,0.121297363731,0.105226096097,0.0185153926429,0.132713422682#17#5#a17_s5_e1
0.00834701696771,0.0356561272229,0.0126630391361,0.0677325640538,0.0559752423387,0.0584942134247,0.0656443363649,0.120982126327,0.050661451967,0.0554277761239#19#9#a19_s9_e3
0.101039068994,0.0113232326649,0.276150741964,0.0391377535388,0.067788983047,0.0631324174904,0.152424947171,0.0464745155535,0.0798625907083,0.170200242943#14#7#a14_s7_e2
0.006679485882,0.0088359985538,0.000551906691537,0.0337906161065,0.0316836518937,0.0063099656479,0.0339145717976,0.0227176879894,0.00190076690063,0.0097698756345#19#9#a19_s9_e1
0.141729669924,0.0322953159559,0.281319132072,0.0252289323826,0.16049611407,0.128240179564,0.217834850478,0.0824824063191,0.141107864919,0.199542179699#14#7#a14_s7_e3
0.108589607635,0.106592623688,0.0232033112707,0.0790164860071,0.036369435237,0.144834149934,0.152587099666,0.0823133362236,0.204597220555,0.141710269441#2#9#a2_s9_e1
0.0825242718447,0.0769215398251,0.0711950129456,0.0539185004106,0.0647726015243,0.135859357545,0.095270946491,0.0812597984313,0.188227279579,0.130091467958#2#9#a2_s9_e2
0.153786468032,0.00509954752639,0.0382419043572,0.0289541396997,0.132248554448,0.0875070161935,0.0258899935034,0.0635663654402,0.182780810322,0.0026356021235#2#9#a2_s9_e3
0.0146360759494,0.0782644932831,0.0204913523504,0.12792107698,0.162642023028,0.0552376168055,0.0921754567594,0.0918357637552,0.148771798077,0.112145537948#1#9#a1_s9_e3
0.0730158730159,0.101838200563,0.109722863393,0.0881250113215,0.183438621237,0.0857939547168,0.20369432436,0.0889112405049,0.0913898555171,0.128341158614#1#9#a1_s9_e2
0.0827737603306,0.104680787893,0.00585552621517,0.105311751522,0.0387402909761,0.103102323395,0.14253566008,0.032192313913,0.120310893464,0.077607316482#1#9#a1_s9_e1
0.140743408731,0.014179370753,0.0578135696126,0.0108683539668,0.0835244215905,0.0218424169345,0.0509954804783,0.0593309760447,0.00983622548799,0.0072320922189#20#7#a20_s7_e3
0.191594535833,0.0633966487073,0.0970576114834,0.0510452505577,0.193898135345,0.0549698178918,0.0820479319623,0.0108752537717,0.105626065808,0.0466123833295#13#9#a13_s9_e1
0.0347748329566,0.0143790356688,0.0559141215347,0.0284545904725,0.103262568615,0.0467211832084,0.165044747916,0.0219506507661,0.00554635470737,0.0884396320874#13#9#a13_s9_e3
0.224476365534,0.123323288626,0.0648135284299,0.0772708955605,0.191873464426,0.00507582389837,0.120049604892,0.0235834812847,0.101401615698,0.117426332908#13#9#a13_s9_e2
0.0426328502415,0.113526523924,0.105642914948,0.198798536238,0.176051082354,0.0330497775328,0.202700442524,0.0713610251544,0.0559057063071,0.236165286454#5#9#a5_s9_e3
0.129344729345,0.0604218309333,0.00709467749091,0.0180521157108,0.100178163807,0.0475927375918,0.248904406398,0.0746915367763,0.0527434365088,0.306752587683#5#9#a5_s9_e2
0.0120373697449,0.153415301526,0.00370441129955,0.160574501086,0.0707642847586,0.00144248366231,0.210227273273,0.0977653465667,0.0294483465111,0.301609946547#5#9#a5_s9_e1
0.0349979321754,0.0737345339319,0.102573314334,0.11093869158,0.12101163542,0.0224136715437,0.193086213793,0.0769409514689,0.064092047057,0.275929478843#5#6#a5_s6_e2
0.00749665327979,0.106780886648,0.0642375050929,0.111567675677,0.137386245896,0.0742353334964,0.269225816777,0.0094241412205,0.0266959048121,0.183647418842#14#2#a14_s2_e2
0.0309323906319,0.072104059776,0.191272072841,0.0164310198943,0.0598160351636,0.0928504975218,0.221894628809,0.00715588835877,0.0879309125158,0.145305380596#14#2#a14_s2_e1
0.0702265961971,0.0831151881674,0.0263537424477,0.0588859633152,0.0248374338472,0.0212657836229,0.237374762353,0.120763663426,0.0527367848286,0.27873440756#5#6#a5_s6_e1
0.14387755102,0.06984252843,0.00029880337956,0.0284721911961,0.00407644616331,0.0755552689499,0.0856167547716,0.165012370165,0.0809350106046,0.0688956255368#1#7#a1_s7_e1
0.161353540632,0.00736877894438,0.0839028927211,0.0955735720021,0.186441286815,0.132956333137,0.0786323331438,0.0132922951533,0.12340194806,0.0142218391661#1#7#a1_s7_e3
0.135887096774,0.0280636996708,0.0417817548999,0.107622942778,0.18933938393,0.0929971123999,0.0559635016804,0.000443369681201,0.0812118159939,0.0422451768348#1#7#a1_s7_e2
0.050234741784,0.0404546891723,0.249989788892,0.150751615207,0.0881039129017,0.0413823078972,0.153868205301,0.0786130709106,0.00146664302253,0.144844120558#14#5#a14_s5_e2
0.125131757265,0.0851615066738,0.227350617312,0.0855505322631,0.139605993275,0.0604589648106,0.183532010881,0.0887034635596,0.0185357059322,0.167647387808#14#5#a14_s5_e3
0.135776297194,0.00674469692712,0.257852656522,0.089295747335,0.0913694928065,0.0874319144864,0.182405068844,0.0715305869773,0.081672435744,0.148289679351#14#5#a14_s5_e1
0.0155795596178,0.054667757505,0.0329781254202,0.157025700054,0.209485494634,0.217422515139,0.0412321651964,0.0100760604314,0.163407120471,0.0911711403108#15#9#a15_s9_e3
0.0494382022472,0.0691084970243,0.0053650836424,0.12263404514,0.196998786642,0.188833942684,0.0291495932843,0.0222443081392,0.201209174997,0.0913672187983#15#9#a15_s9_e2
0.113838242169,0.0463791828886,0.121074234949,0.115893576174,0.22218577636,0.224995238891,0.0213023815153,0.00898874004006,0.209637314693,0.00241671706572#15#9#a15_s9_e1
0.0382981950554,0.0670643407007,0.12003144126,0.112428165439,0.0835126097341,0.0434775372187,0.0349785155622,0.114561934783,0.080060799543,0.0460371609316#18#2#a18_s2_e2
0.103415312419,0.04420068501,0.066889231739,0.0131641986217,0.0997242740083,0.0478717526909,0.0785161799485,0.047895869986,0.0694962645491,0.078541216748#14#3#a14_s3_e1
0.189909297052,0.0652675991067,0.0193319363401,0.137629572561,0.0979395095883,0.0747093786144,0.0900628763069,0.0203782077708,0.0574890370241,0.0883077434811#14#3#a14_s3_e2
0.10702208792,0.0341450919355,0.168684974641,0.0559887191086,0.0776537709161,0.0925159646878,0.0405856174937,0.0385359714093,0.0768928286754,0.11712856294#14#3#a14_s3_e3
0.0260156350122,0.00551825335043,0.0554441827451,0.117191715573,0.0731576887811,0.0636205005118,0.115060127582,0.120365424667,0.0768707626152,0.224910733022#6#6#a6_s6_e1
0.00371057513915,0.130832343484,0.00603942635822,0.0344292255511,0.0702357024554,0.0047790674994,0.0733614943762,0.11573841252,0.103099406023,0.170076710396#6#6#a6_s6_e2
0.0503318584071,0.0465649655371,0.0680308579403,0.109430204482,0.0292284098109,0.189580997325,0.0454482732012,0.0635981096843,0.213690189454,0.122899062892#12#2#a12_s2_e1
0.0672877846791,0.104343729286,0.00400635266089,0.0608558291325,0.096607964617,0.16097998165,0.21135761191,0.0624521892654,0.157165111881,0.193355314028#12#2#a12_s2_e3
0.113879504505,0.0807307825035,0.00869858117698,0.0727984916545,0.103502120917,0.141168336979,0.169235586606,0.0558396640442,0.1361738624,0.149191518846#12#2#a12_s2_e2
0.0520735303344,0.0526186905636,0.0609512431395,0.041800602086,0.0208466393862,0.165451629912,0.0471122378758,0.117964323857,0.0640904866213,0.118671808719#11#8#a11_s8_e1
0.0644503060767,0.0567173771701,0.0370323434672,0.106800992873,0.0477515867142,0.109100819291,0.0202460668056,0.137854230845,0.0315011358045,0.0072966036414#11#8#a11_s8_e2
0.0271524316893,0.0175764827525,0.0618166472816,0.0604744223663,0.00259495028174,0.105983311176,0.070517054354,0.13768822824,0.0529572625654,0.0251803508538#11#8#a11_s8_e3
0.00290258910949,0.000899568603833,0.0351267529711,0.0301957637416,0.0606665939724,0.022504119148,0.00231936030437,0.00823029095027,0.00671673810893,0.0991604209869#16#8#a16_s8_e3
0.00962885154062,0.034940305039,0.0130875157286,0.053308077829,0.0558858178514,0.0207692151919,0.0987323975255,0.0738037711211,0.0419295746965,0.038527261648#9#4#a9_s4_e1
0.0364225781846,0.0333323856089,0.050472190242,0.043960726853,0.0575027999768,0.0826764608637,0.00763702288798,0.0433663115625,0.0692479591961,0.0832943142039#9#4#a9_s4_e2
0.0093896713615,0.0172265579387,0.0225027171023,0.0271976991933,0.0396598353346,0.0532076776713,0.0129538539098,0.0310108171475,0.0524514191611,0.0628294470412#9#4#a9_s4_e3
0.0289855072464,0.0624602304913,0.0873378794939,0.0233048327869,0.120547811781,0.0450493523935,0.0664115429858,0.0736981081929,0.0709808232149,0.0269149840217#18#10#a18_s10_e3
0.0110596707819,0.0184999790252,0.0743837651647,0.0375859069093,0.0350361461056,0.0299534007978,0.0926622246643,0.081852173461,0.0984322019837,0.0543268221477#18#10#a18_s10_e2
0.0837171052632,0.0668371272291,0.148779216991,0.0656226493653,0.112234519533,0.00876745587991,0.0409960049324,0.0197262564577,0.101522011927,0.0868353804786#18#10#a18_s10_e1
0.183155080214,0.104229876899,0.126115760925,0.0705074883845,0.200726952592,0.184866298527,0.318551901542,0.0857553181782,0.0176881143376,0.265929883929#5#3#a5_s3_e1
0.078405738804,0.0144777401172,0.2498208966,0.0806974915116,0.0857037782252,0.0598217115019,0.141786211981,0.0146259694094,0.107322542144,0.160653196065#14#7#a14_s7_e1
0.126588465298,0.138138994135,0.0853295626114,0.0413570588891,0.0636979887796,0.088091640013,0.224081313058,0.0513118741777,0.0265166720194,0.0257661428536#5#3#a5_s3_e3
0.132952213427,0.115629459294,0.130775695072,0.019522291313,0.206031537297,0.0906302477595,0.297422368851,0.0869994372804,0.0757415251242,0.281763988752#5#3#a5_s3_e2
0.147586431833,0.108316546115,0.179375091938,0.177235872446,0.228816631153,0.00934455066992,0.241602496233,0.208213737186,0.00529130531682,0.00871377727186#13#5#a13_s5_e1
0.225465135091,0.0496493135232,0.00821449234656,0.0120750584485,0.243047304684,0.0606170031171,0.0602993141721,0.0474826322185,0.0536676506101,0.139665455355#13#5#a13_s5_e3
0.0119710797677,0.116531327975,0.0482605005758,0.062788950708,0.101383962427,0.0496538397003,0.0611109128794,0.0422481281851,0.00601454289315,0.078307909106#13#5#a13_s5_e2
0.180272108844,0.0488262513796,0.0173101206169,0.0475671967125,0.180016860359,0.0735383194493,0.144430105331,0.0580103516872,0.0016368387296,0.0570515572443#13#8#a13_s8_e1
0.104121226036,0.0455809755473,0.165628067585,0.0723435489775,0.0039257532819,0.0689102501463,0.0477654235381,0.0851584951565,0.12365303807,0.00307274113877#3#2#a3_s2_e1
0.099201345103,0.0815091828185,0.0192273740432,0.094050793416,0.0574307512266,0.0751951047089,0.0955976270978,0.112488774373,0.109143304668,0.0467986460347#3#2#a3_s2_e2
0.119107921767,0.0864352749008,0.0862267468403,0.108361757064,0.109046239319,0.117540202915,0.145866342183,0.0763474942168,0.0882715582388,0.0671217613476#3#2#a3_s2_e3
0.0313072344322,0.0441643303284,0.0612154564548,0.0541187493445,0.0203561223538,0.0616082715983,0.0408926666632,0.0100172691289,0.0206698276894,0.0437367676365#16#8#a16_s8_e1