3,4,3,3,4,4,2,2,3,3,4,4,2,2,3,3,4,4,4,3#9#2#a9_s2_e2
4,4,3,3,3,3,1,2,3,2,3,3,2,2,3,3,3,3,3,3#9#2#a9_s2_e3
3,4,2,2,3,4,1,2,3,3,4,4,2,2,3,3,4,4,3,3#9#2#a9_s2_e1
3,3,2,2,4,4,2,2,3,3,2,2,2,2,4,4,2,2,3,3#26#2#a26_s2_e1
3,4,3,3,2,3,1,2,3,2,2,3,2,2,2,3,2,3,4,3#9#2#a9_s2_e4
3,3,2,2,2,2,4,4,3,3,3,3,3,3,3,3,4,4,4,4#7#7#a7_s7_e3
2,3,1,1,3,3,2,2,2,2,3,3,4,3,3,3,2,2,4,3#7#7#a7_s7_e2
3,3,2,2,3,3,3,3,2,2,2,2,2,2,3,3,2,3,3,3#7#7#a7_s7_e1
2,1,2,2,2,3,3,3,3,2,3,3,3,3,2,3,3,3,3,3#7#7#a7_s7_e4
3,3,3,3,3,3,4,3,2,2,2,2,3,3,3,3,4,4,2,3#14#6#a14_s6_e3
4,4,4,4,2,3,4,4,3,2,3,3,3,2,3,3,3,3,3,3#10#1#a10_s1_e4
3,3,3,3,3,3,3,3,2,2,4,4,3,3,2,2,1,2,4,3#18#3#a18_s3_e3
4,4,4,4,3,3,4,4,3,2,4,4,3,2,4,4,4,4,3,3#10#1#a10_s1_e2
4,4,4,4,3,3,4,4,3,3,4,4,4,4,4,4,4,4,3,3#10#1#a10_s1_e3
4,4,3,3,4,4,2,2,3,4,4,4,2,3,3,3,4,4,1,2#10#1#a10_s1_e1
2,3,3,3,2,2,3,3,3,3,4,4,2,2,3,2,2,2,2,2#20#6#a20_s6_e4
3,3,2,2,4,3,2,2,3,2,1,1,3,3,3,2,3,3,3,3#26#2#a26_s2_e2
3,3,3,3,1,2,3,3,3,3,4,4,2,2,3,2,3,3,2,2#20#6#a20_s6_e2
3,3,3,3,3,2,2,2,3,3,4,4,2,1,3,3,3,2,2,1#20#6#a20_s6_e3
3,3,4,4,3,3,2,2,3,2,4,4,2,2,4,3,4,4,3,3#13#6#a13_s6_e1
3,3,3,3,3,2,3,3,3,3,4,4,4,4,3,3,4,4,4,4#9#7#a9_s7_e1
4,4,3,3,3,2,3,3,3,3,3,3,4,4,4,4,4,4,4,3#23#1#a23_s1_e4
3,3,4,4,3,3,4,4,3,3,2,3,3,2,4,4,4,4,3,2#13#6#a13_s6_e3
4,4,4,4,3,3,3,4,4,3,4,4,3,3,4,4,4,4,4,3#23#1#a23_s1_e1
4,4,3,4,3,3,4,4,4,4,4,3,4,4,4,3,4,4,3,4#23#1#a23_s1_e2
4,4,3,3,3,3,4,4,3,3,4,4,3,3,3,4,4,4,3,3#23#1#a23_s1_e3
2,3,2,3,2,1,4,4,2,1,2,3,2,1,4,4,4,4,3,3#18#5#a18_s5_e2
2,3,4,4,2,3,3,3,3,2,3,4,4,4,3,4,4,4,4,4#18#5#a18_s5_e3
3,3,4,4,2,3,3,3,2,1,2,2,4,4,3,4,4,4,4,4#18#5#a18_s5_e1
2,3,2,2,1,1,4,4,2,2,4,4,4,4,3,3,3,3,4,4#18#5#a18_s5_e4
2,2,4,4,2,2,3,3,3,3,3,3,3,3,4,4,4,4,4,4#27#7#a27_s7_e2
3,3,3,3,3,3,4,3,3,2,2,3,3,3,4,4,4,4,3,3#4#3#a4_s3_e4
4,4,2,3,3,3,3,3,3,3,4,3,3,3,4,4,4,3,3,3#8#6#a8_s6_e4
4,4,3,3,3,4,3,3,4,4,4,4,2,2,4,4,3,3,2,2#8#6#a8_s6_e3
3,3,2,3,4,4,2,2,3,3,4,3,3,3,4,4,4,4,3,3#4#3#a4_s3_e1
2,3,4,4,2,2,3,3,3,2,3,3,3,3,3,3,3,3,4,3#4#3#a4_s3_e2
3,3,3,3,2,3,4,4,3,3,3,3,4,4,3,4,2,2,4,4#4#3#a4_s3_e3
3,3,3,3,2,2,3,3,3,3,3,3,3,3,3,3,2,2,3,3#24#8#a24_s8_e1
3,3,2,2,3,3,4,4,3,3,3,3,3,3,3,3,1,1,3,3#24#8#a24_s8_e2
3,3,2,2,3,3,3,3,3,3,3,3,3,4,3,3,2,2,3,3#24#8#a24_s8_e3
4,4,2,2,2,2,4,4,3,3,3,3,2,2,2,2,3,3,3,3#24#8#a24_s8_e4
3,3,2,2,2,2,3,3,2,2,3,3,4,3,3,3,2,2,4,4#2#6#a2_s6_e4
4,4,2,2,2,2,3,3,2,2,3,3,4,4,3,3,2,2,4,4#2#6#a2_s6_e1
4,4,1,2,2,2,3,3,1,1,3,2,3,3,3,3,2,2,4,4#2#6#a2_s6_e3
3,3,2,2,2,2,4,4,2,2,3,3,4,4,3,3,3,2,4,4#2#6#a2_s6_e2
2,3,3,3,2,2,3,3,4,3,3,3,2,2,3,3,3,2,3,3#15#7#a15_s7_e4
4,3,3,3,2,2,4,4,4,4,4,3,3,3,4,3,4,4,2,2#15#7#a15_s7_e1
3,4,3,3,2,2,3,4,4,3,3,4,2,2,4,4,4,4,1,1#15#7#a15_s7_e3
3,3,3,3,2,2,3,3,4,3,3,3,3,3,3,3,2,2,3,3#15#7#a15_s7_e2
3,3,3,3,3,3,3,2,3,3,3,3,3,3,3,3,4,4,3,3#15#1#a15_s1_e3
2,3,3,3,2,2,3,3,4,4,3,3,3,3,3,4,3,3,3,3#15#1#a15_s1_e2
2,3,2,2,3,2,3,3,4,3,4,4,2,3,3,3,4,4,2,3#15#1#a15_s1_e1
3,3,4,3,4,3,4,4,4,4,4,4,2,2,4,4,4,4,2,3#22#5#a22_s5_e2
4,4,2,1,3,3,3,3,4,4,3,3,1,1,4,4,3,3,3,3#12#8#a12_s8_e3
2,3,3,3,2,2,3,2,4,3,3,4,3,3,3,3,4,4,3,3#15#1#a15_s1_e4
3,3,4,4,3,3,4,3,3,3,3,3,2,2,3,3,4,4,3,3#13#3#a13_s3_e3
3,3,3,3,2,2,4,3,2,2,3,3,2,1,4,4,2,3,3,2#13#3#a13_s3_e2
2,3,4,4,1,1,4,4,2,1,3,3,3,3,4,4,4,4,3,2#13#3#a13_s3_e1
2,2,3,3,3,3,4,4,3,3,3,3,3,3,3,3,3,3,2,3#27#8#a27_s8_e3
3,3,1,1,3,3,2,2,2,2,2,2,3,3,3,2,2,2,3,3#18#3#a18_s3_e2
2,2,3,3,3,3,1,1,3,3,3,3,0,1,3,3,2,2,2,3#27#8#a27_s8_e1
2,3,4,4,3,3,4,3,3,3,2,3,2,2,3,3,4,4,3,3#13#3#a13_s3_e4
4,4,3,3,4,3,4,4,3,3,4,4,4,4,4,4,2,3,4,4#14#1#a14_s1_e2
4,4,2,1,3,3,4,4,3,3,4,4,3,4,4,4,2,3,4,4#14#1#a14_s1_e3
3,3,2,2,2,2,2,2,3,3,2,3,2,3,4,4,2,2,3,3#1#2#a1_s2_e2
2,3,1,2,3,3,3,3,2,1,4,3,3,3,4,3,4,3,1,2#1#2#a1_s2_e3
4,4,3,3,4,4,3,3,3,3,4,3,2,2,4,3,3,3,3,2#1#2#a1_s2_e1
2,2,2,2,2,3,2,2,4,3,4,4,3,2,3,4,3,3,3,3#17#7#a17_s7_e1
3,4,2,3,4,4,3,3,2,1,3,3,3,3,4,4,3,3,3,2#1#2#a1_s2_e4
1,1,4,4,3,3,2,2,3,3,3,3,3,3,4,4,2,3,3,3#19#6#a19_s6_e2
3,3,2,2,3,3,2,2,3,3,3,3,3,3,2,3,2,3,3,2#19#6#a19_s6_e3
3,3,3,3,2,2,2,2,3,3,3,3,3,3,3,3,3,3,3,3#19#6#a19_s6_e1
2,2,2,2,4,4,4,4,3,3,3,3,4,4,3,3,3,3,4,4#19#6#a19_s6_e4
2,3,3,3,4,4,3,3,3,3,2,3,1,1,4,4,3,4,3,3#4#1#a4_s1_e2
3,3,2,2,2,2,3,3,2,1,4,4,2,2,3,3,3,3,2,2#14#8#a14_s8_e1
4,4,2,2,3,3,4,3,3,3,3,2,2,2,4,4,3,3,3,3#14#8#a14_s8_e3
3,3,3,3,2,3,4,3,3,3,3,3,3,3,4,4,3,3,2,2#14#8#a14_s8_e2
4,4,3,3,3,3,3,3,3,3,2,2,2,2,3,3,3,3,4,3#14#8#a14_s8_e4
4,4,2,2,3,2,3,2,3,3,4,3,3,3,3,2,2,2,4,4#15#8#a15_s8_e2
4,4,3,3,3,3,3,3,3,3,4,4,2,2,3,3,4,4,2,2#15#8#a15_s8_e3
3,3,3,3,3,3,3,3,4,4,3,3,2,2,4,4,2,2,3,2#12#6#a12_s6_e1
3,2,1,0,3,4,3,2,4,4,2,3,2,2,3,4,3,3,2,2#17#2#a17_s2_e1
3,3,2,2,3,3,3,3,4,4,3,2,2,2,4,4,3,3,3,3#12#6#a12_s6_e3
3,3,2,2,3,2,3,3,3,3,3,2,2,2,3,3,2,2,3,3#12#6#a12_s6_e2
3,2,2,2,3,3,3,3,3,3,3,2,2,2,3,2,3,3,3,3#17#2#a17_s2_e4
2,2,2,2,3,3,3,3,3,3,3,3,1,1,4,4,3,3,2,2#12#6#a12_s6_e4
3,3,2,2,3,3,2,2,3,3,3,3,3,3,3,3,2,2,2,2#24#1#a24_s1_e1
4,4,4,4,3,3,4,4,2,2,2,2,3,3,3,3,3,3,3,2#16#3#a16_s3_e2
3,3,3,3,4,4,3,3,2,2,2,3,3,2,3,2,3,3,3,2#16#3#a16_s3_e3
4,4,4,4,2,2,2,2,3,3,3,3,3,3,3,3,3,3,3,3#11#7#a11_s7_e2
3,3,2,2,4,4,3,3,3,3,4,4,3,3,3,3,2,3,3,3#16#3#a16_s3_e4
3,3,2,3,3,3,1,2,4,3,3,3,4,4,3,3,3,3,4,4#8#8#a8_s8_e4
3,3,2,2,3,3,4,4,4,4,3,3,2,2,4,3,2,2,3,3#12#8#a12_s8_e4
3,2,3,4,3,4,2,2,4,3,3,2,2,2,3,3,3,3,2,3#8#8#a8_s8_e1
2,2,2,2,3,3,3,3,4,4,3,3,2,2,4,4,3,3,3,3#12#8#a12_s8_e2
4,4,2,3,4,4,3,2,4,4,4,3,3,3,4,4,4,3,4,4#8#8#a8_s8_e3
3,3,2,3,4,3,3,3,4,3,4,3,3,3,4,4,4,3,4,4#8#8#a8_s8_e2
3,3,4,4,3,3,4,4,3,2,3,3,3,3,3,3,2,3,3,3#10#7#a10_s7_e4
2,2,4,4,4,4,2,3,4,4,3,3,3,4,3,3,3,2,4,4#8#5#a8_s5_e4
3,3,2,2,3,3,3,3,4,4,3,3,2,2,4,4,2,2,2,2#24#7#a24_s7_e2
3,3,2,3,4,4,3,2,4,3,3,3,3,3,3,3,3,3,3,3#8#5#a8_s5_e2
3,3,2,3,3,4,3,3,4,4,3,3,4,3,3,3,4,4,3,3#8#5#a8_s5_e3
3,3,3,3,3,3,2,3,3,3,2,3,3,3,3,3,2,3,2,3#10#7#a10_s7_e2
2,2,3,4,4,4,3,2,4,3,3,2,3,3,3,3,3,3,3,3#8#5#a8_s5_e1
3,3,4,4,3,3,2,3,3,2,2,3,3,3,3,3,4,4,4,3#6#8#a6_s8_e3
3,3,3,3,3,3,4,4,3,3,3,3,4,4,4,4,3,3,4,4#6#8#a6_s8_e2
3,3,3,3,3,3,3,3,3,3,3,3,4,4,3,3,2,3,4,4#6#8#a6_s8_e1
2,2,2,2,3,3,3,3,3,3,3,3,3,3,3,3,3,3,3,3#20#6#a20_s6_e1
3,3,4,4,3,3,3,3,2,2,3,3,3,3,2,2,2,2,2,2#25#8#a25_s8_e1
3,3,2,2,3,3,3,3,3,3,3,3,3,3,2,2,2,2,3,3#25#8#a25_s8_e3
3,3,2,2,2,3,3,3,3,3,3,3,4,4,4,4,3,4,4,4#6#8#a6_s8_e4
3,3,4,4,3,3,4,4,3,3,3,3,3,3,3,3,3,3,3,3#11#6#a11_s6_e2
3,3,4,4,3,3,2,3,3,3,3,3,3,3,3,3,3,3,3,3#11#6#a11_s6_e3
3,3,3,3,2,3,3,3,4,4,3,4,3,3,4,4,3,4,3,3#11#6#a11_s6_e1
3,3,4,4,3,3,3,3,3,3,4,4,4,4,3,3,4,4,1,2#11#6#a11_s6_e4
3,3,2,1,3,3,3,3,4,4,2,3,3,3,4,4,3,3,3,3#12#1#a12_s1_e1
3,3,2,1,2,2,3,2,4,4,2,2,2,2,3,4,3,4,3,3#12#1#a12_s1_e2
3,3,2,2,3,3,3,3,2,3,2,2,2,2,3,3,3,3,4,4#12#1#a12_s1_e3
3,3,2,2,3,2,2,2,3,3,3,3,2,1,4,4,3,3,3,2#12#1#a12_s1_e4
2,2,3,3,3,3,3,3,2,2,3,2,3,3,3,3,3,2,3,3#2#1#a2_s1_e4
3,3,3,3,2,3,3,3,3,2,4,4,3,3,3,3,4,4,2,2#9#7#a9_s7_e4
3,3,2,2,2,2,2,3,3,3,2,2,1,1,3,3,3,3,3,3#26#2#a26_s2_e4
3,3,3,3,2,2,4,4,2,2,3,3,4,4,2,2,3,3,4,4#21#4#a21_s4_e4
3,3,4,4,3,3,4,3,3,3,3,2,3,2,4,4,4,4,3,3#21#4#a21_s4_e1
1,2,3,3,3,3,4,4,2,2,3,3,1,2,3,3,3,3,3,3#2#1#a2_s1_e2
3,3,3,3,3,3,4,4,2,2,2,2,3,3,3,3,3,3,4,4#21#4#a21_s4_e3
3,3,3,3,3,3,3,3,2,2,2,2,3,2,3,3,4,4,3,3#21#4#a21_s4_e2
4,4,3,4,3,3,4,3,3,3,4,4,2,2,4,4,4,4,4,4#11#4#a11_s4_e3
4,4,3,3,2,2,3,3,3,3,3,3,1,1,3,3,2,2,2,2#2#5#a2_s5_e1
4,4,3,3,1,1,2,2,2,2,3,3,2,1,3,3,2,3,2,2#2#5#a2_s5_e2
4,4,3,3,2,2,3,2,3,3,3,3,2,1,3,3,1,2,2,2#2#5#a2_s5_e3
3,3,3,3,2,3,3,3,3,2,3,3,2,1,3,3,2,2,2,2#2#5#a2_s5_e4
3,3,2,2,2,2,3,2,3,3,2,2,3,3,4,4,2,2,2,2#25#3#a25_s3_e1
3,3,3,3,3,3,2,2,3,3,3,3,3,3,4,4,3,3,4,4#25#3#a25_s3_e2
4,4,3,3,3,4,2,2,3,3,4,4,3,3,3,3,3,3,4,4#9#3#a9_s3_e4
2,2,4,4,3,3,4,4,4,4,4,4,2,2,4,4,4,3,1,1#22#6#a22_s6_e1
3,3,2,2,3,2,4,4,2,2,3,3,3,3,3,3,4,4,3,3#18#1#a18_s1_e4
3,3,2,2,3,3,3,3,3,3,3,3,3,3,3,3,2,2,3,3#25#3#a25_s3_e3
3,3,2,2,2,2,3,3,2,2,3,3,1,2,3,3,3,3,3,3#18#1#a18_s1_e2
3,2,2,2,3,3,2,2,1,2,3,2,2,2,3,3,4,4,3,3#18#1#a18_s1_e3
3,3,2,1,3,3,3,2,3,3,3,3,3,3,3,3,3,3,3,3#18#1#a18_s1_e1
3,3,2,2,2,2,2,2,3,3,3,3,3,3,2,2,4,4,3,3#25#3#a25_s3_e4
3,3,3,3,2,2,2,2,3,3,3,2,2,1,3,2,2,2,3,2#26#7#a26_s7_e4
3,3,3,3,2,2,3,3,3,3,2,3,2,2,2,3,3,3,4,4#14#7#a14_s7_e2
3,2,1,2,2,2,3,3,3,3,3,2,2,2,3,3,3,2,4,4#27#7#a27_s7_e3
3,3,3,3,2,2,4,4,2,2,4,4,3,3,4,4,3,2,3,3#27#7#a27_s7_e1
2,2,4,4,3,3,3,3,3,3,3,3,4,4,4,4,4,4,4,4#27#7#a27_s7_e4
3,3,3,3,3,3,2,2,3,4,3,3,4,4,3,3,4,3,3,3#5#5#a5_s5_e3
2,2,2,3,2,2,2,2,2,2,3,2,3,3,3,3,3,2,3,3#5#5#a5_s5_e2
3,3,3,3,3,3,3,2,3,2,2,2,3,3,3,3,3,2,3,2#5#5#a5_s5_e1
4,4,2,1,4,4,3,3,3,3,3,3,3,4,4,4,1,2,3,4#14#1#a14_s1_e1
4,4,2,1,4,3,2,2,3,3,3,4,4,4,3,3,1,2,3,4#14#1#a14_s1_e4
3,3,3,3,3,3,2,2,3,3,2,2,3,3,3,3,3,3,3,3#5#5#a5_s5_e4
3,3,2,3,3,2,2,2,3,3,4,4,1,2,3,3,2,2,3,2#26#7#a26_s7_e3
3,3,3,3,4,4,3,3,3,2,3,3,3,2,3,3,4,4,3,2#16#7#a16_s7_e4
4,3,3,3,4,3,4,4,3,4,4,3,3,2,4,3,4,4,3,2#6#4#a6_s4_e4
4,4,4,4,4,4,3,3,3,4,4,4,3,3,4,4,2,3,3,3#6#4#a6_s4_e3
4,4,3,3,4,4,2,3,4,4,4,4,3,3,4,4,3,4,3,3#6#4#a6_s4_e2
4,4,3,3,3,3,2,2,4,4,4,4,3,3,4,4,4,4,3,3#6#4#a6_s4_e1
3,3,3,3,3,3,2,2,3,3,2,2,2,2,3,3,2,3,3,3#20#5#a20_s5_e4
3,3,2,3,3,3,2,2,3,3,4,4,3,3,4,4,4,4,3,3#20#5#a20_s5_e3
3,3,3,4,3,3,3,3,3,3,3,3,3,3,3,3,3,3,2,1#20#5#a20_s5_e2
4,4,3,3,3,2,2,2,3,3,2,2,2,2,3,3,3,4,2,2#7#5#a7_s5_e4
3,3,3,3,2,2,2,3,1,2,4,4,1,1,2,3,3,3,3,3#7#5#a7_s5_e1
2,2,3,2,3,3,2,2,3,3,4,4,3,3,3,3,4,4,3,3#20#5#a20_s5_e1
3,3,3,2,3,3,3,3,3,3,3,3,2,2,3,3,3,3,2,2#7#5#a7_s5_e3
3,4,2,2,2,2,2,3,2,2,4,4,2,2,3,3,2,2,2,2#7#5#a7_s5_e2
3,3,4,4,2,2,3,3,3,2,3,2,1,1,3,3,3,2,2,2#8#3#a8_s3_e1
3,3,3,3,2,3,4,3,3,3,3,2,3,3,1,2,3,3,3,2#8#3#a8_s3_e2
3,3,3,3,3,3,2,2,3,4,3,3,1,2,4,3,3,3,3,3#8#3#a8_s3_e3
3,3,3,3,3,3,3,3,3,3,3,3,3,3,2,3,4,4,3,3#8#3#a8_s3_e4
3,4,4,3,3,3,2,2,4,3,3,4,3,3,4,4,3,4,3,3#3#6#a3_s6_e4
3,3,3,3,2,2,3,3,4,4,3,3,3,3,3,3,3,3,3,3#25#7#a25_s7_e4
3,4,3,3,3,3,4,4,1,1,3,3,1,2,3,3,3,3,2,3#3#6#a3_s6_e1
3,3,4,4,3,4,1,1,3,2,3,3,2,2,3,3,3,3,2,2#3#6#a3_s6_e2
4,4,4,4,3,3,2,2,3,3,4,4,3,3,3,3,3,3,4,4#3#6#a3_s6_e3
3,3,2,2,2,2,3,3,2,2,3,3,0,1,3,2,3,3,0,1#18#2#a18_s2_e3
3,3,2,2,2,3,3,3,3,3,2,3,3,3,3,3,3,3,4,3#19#2#a19_s2_e4
3,4,3,3,4,4,3,3,3,3,3,3,3,3,3,3,3,3,3,2#19#2#a19_s2_e2
3,4,3,3,3,3,3,3,3,3,2,3,3,3,4,3,2,3,3,3#19#2#a19_s2_e3
2,2,2,2,2,2,4,4,2,2,3,3,2,2,2,2,3,3,3,3#18#2#a18_s2_e2
3,3,3,3,3,3,1,1,3,2,4,4,3,3,4,3,4,4,3,3#19#4#a19_s4_e4
3,4,2,2,3,3,2,3,3,3,3,3,2,2,3,3,3,3,2,2#4#7#a4_s7_e1
3,3,1,2,3,3,4,4,3,3,3,3,3,3,3,3,3,3,4,4#4#7#a4_s7_e2
4,4,3,3,4,4,3,3,4,4,3,3,4,4,3,3,4,4,4,4#4#7#a4_s7_e3
3,3,2,2,3,3,3,3,4,3,3,3,3,2,3,4,4,3,3,3#4#7#a4_s7_e4
4,3,4,4,2,2,2,1,3,3,4,3,2,3,4,4,4,3,2,3#19#4#a19_s4_e1
3,4,3,3,4,4,2,2,3,2,2,3,3,3,4,3,3,3,3,3#19#2#a19_s2_e1
4,4,4,4,3,2,3,3,3,2,4,3,3,3,4,3,4,3,3,2#19#4#a19_s4_e3
3,2,2,3,3,3,3,3,3,2,3,2,3,3,4,4,3,2,3,3#20#7#a20_s7_e2
3,3,3,3,3,3,3,3,4,4,3,3,3,3,2,2,2,2,2,2#25#7#a25_s7_e2
1,2,3,3,2,3,4,3,3,3,2,2,2,2,3,3,1,2,3,2#2#2#a2_s2_e1
1,2,4,4,4,3,3,3,2,1,2,3,3,3,3,3,2,3,4,4#21#2#a21_s2_e2
1,2,3,3,1,2,3,3,2,2,2,3,1,1,2,2,2,2,3,3#2#2#a2_s2_e3
2,3,2,3,3,3,2,2,2,2,2,3,1,1,2,2,2,2,2,1#2#2#a2_s2_e2
3,3,3,3,3,4,2,2,2,2,2,3,3,3,4,4,2,3,3,2#2#2#a2_s2_e4
3,3,3,3,3,3,2,2,2,1,2,3,1,2,4,4,2,3,2,2#21#2#a21_s2_e4
3,3,3,4,3,3,3,3,3,3,2,3,3,3,3,3,3,3,3,3#11#2#a11_s2_e4
3,3,4,4,3,3,3,3,3,2,2,3,2,2,3,3,2,3,3,2#11#2#a11_s2_e2
3,3,3,4,2,3,3,3,3,3,2,3,3,3,2,3,3,3,4,3#11#2#a11_s2_e3
3,3,3,3,3,3,3,3,3,3,3,3,2,2,4,3,3,3,2,2#11#2#a11_s2_e1
3,3,2,2,4,4,1,2,2,1,3,3,3,3,2,3,3,3,4,4#18#7#a18_s7_e4
2,3,2,2,3,3,3,3,4,4,3,4,3,3,3,3,3,3,4,4#18#7#a18_s7_e1
4,4,4,4,3,2,3,2,4,4,4,4,1,2,3,3,3,3,1,2#18#7#a18_s7_e2
3,3,4,4,3,3,2,2,3,3,2,3,2,2,2,3,3,3,3,3#18#7#a18_s7_e3
3,3,4,4,3,3,4,4,3,3,3,3,3,3,4,4,3,3,3,3#22#1#a22_s1_e4
3,3,4,4,3,2,3,3,3,2,3,3,2,2,3,3,4,3,3,3#22#1#a22_s1_e1
2,3,3,3,3,3,3,3,3,3,2,3,2,2,3,2,4,4,2,2#22#1#a22_s1_e3
3,4,3,3,4,4,3,3,3,2,2,3,4,4,3,3,4,4,2,3#22#1#a22_s1_e2
3,3,4,4,2,3,3,3,4,4,3,3,4,3,4,4,4,4,4,3#22#7#a22_s7_e3
4,3,3,3,3,3,4,4,4,4,4,4,2,2,3,3,3,3,3,3#22#7#a22_s7_e2
2,3,4,4,3,3,4,4,4,4,2,2,4,3,4,4,3,3,4,3#22#7#a22_s7_e1
3,3,2,2,3,3,2,3,3,2,3,3,4,3,3,3,4,4,4,4#22#7#a22_s7_e4
3,3,3,3,4,4,2,2,3,3,2,2,2,2,1,2,3,3,3,3#19#1#a19_s1_e4
2,2,3,3,2,2,2,2,2,2,3,3,2,2,1,2,2,2,3,3#19#1#a19_s1_e3
2,2,3,3,3,3,2,2,2,1,3,3,3,2,3,3,2,3,3,2#19#1#a19_s1_e2
1,2,1,0,2,2,2,2,3,2,2,3,2,2,4,4,2,3,1,2#19#1#a19_s1_e1
2,2,3,3,2,2,1,1,2,2,3,3,2,2,2,2,1,1,2,2#25#8#a25_s8_e2
2,3,3,4,3,3,3,3,3,2,2,3,3,2,3,3,2,3,3,2#10#2#a10_s2_e4
2,3,3,4,2,3,4,4,3,3,3,3,2,2,3,3,3,3,2,2#10#2#a10_s2_e3
3,3,3,4,2,3,4,3,3,2,2,3,2,2,4,4,2,3,3,3#10#2#a10_s2_e2
3,3,4,4,3,3,4,3,3,2,2,3,1,2,3,3,3,3,3,3#10#2#a10_s2_e1
2,3,4,4,4,4,3,4,3,3,3,3,3,3,3,3,4,4,3,3#9#8#a9_s8_e1
4,4,2,3,3,4,3,2,3,2,3,2,3,3,2,3,3,2,3,4#5#8#a5_s8_e4
4,4,3,3,4,4,2,2,2,2,4,4,2,2,4,4,3,3,4,3#17#8#a17_s8_e4
3,2,2,2,1,2,4,4,2,1,3,2,1,1,3,3,3,3,3,3#17#8#a17_s8_e2
3,2,3,3,4,3,4,4,2,2,3,3,1,1,3,3,3,3,3,3#5#8#a5_s8_e1
3,2,3,3,3,3,4,3,2,2,3,2,3,3,3,3,3,3,2,2#5#8#a5_s8_e2
3,3,2,3,3,4,4,4,3,2,3,2,3,3,3,3,3,2,3,4#5#8#a5_s8_e3
4,4,3,3,3,3,3,3,4,4,3,3,2,2,2,3,3,3,4,4#4#8#a4_s8_e1
2,3,3,3,3,3,3,3,3,3,2,3,2,2,3,3,4,4,3,3#6#2#a6_s2_e4
3,3,3,4,2,2,4,4,3,3,3,3,3,3,4,4,3,3,3,3#4#8#a4_s8_e3
3,3,3,3,3,3,3,3,3,3,3,3,3,3,4,3,4,4,4,4#4#8#a4_s8_e2
3,3,3,3,3,3,3,3,3,3,2,3,3,3,4,4,4,4,3,3#6#2#a6_s2_e1
3,3,2,2,3,3,1,2,3,3,3,3,3,3,3,3,3,4,4,4#4#8#a4_s8_e4
3,3,3,3,2,3,3,3,3,3,3,3,3,2,4,4,4,4,3,3#6#2#a6_s2_e3
4,4,3,2,2,3,3,4,3,2,4,4,3,3,3,3,3,3,4,3#6#2#a6_s2_e2
3,3,4,4,4,4,4,4,4,3,4,4,2,2,4,4,4,4,3,3#10#4#a10_s4_e1
3,3,4,4,3,3,3,3,4,4,3,3,2,2,3,3,3,3,2,2#9#8#a9_s8_e4
4,4,4,4,4,4,3,2,4,4,4,4,3,2,4,3,4,3,3,3#10#4#a10_s4_e3
3,3,3,4,4,4,3,2,3,3,4,3,3,3,4,3,4,4,3,2#10#4#a10_s4_e2
2,2,2,2,3,3,3,3,3,2,1,2,4,4,2,3,3,3,3,4#16#7#a16_s7_e2
3,3,3,4,3,3,4,3,3,3,4,4,3,2,4,4,4,3,3,3#10#4#a10_s4_e4
3,3,3,3,3,3,3,3,4,4,4,4,2,2,3,3,3,3,3,3#12#4#a12_s4_e4
3,3,4,4,4,4,3,3,3,3,3,3,3,3,4,4,3,3,3,3#16#1#a16_s1_e4
1,2,3,3,4,4,3,3,3,3,2,3,1,1,3,3,3,3,3,3#23#5#a23_s5_e1
2,3,3,3,3,3,4,4,3,3,3,3,3,3,3,2,3,3,3,3#23#5#a23_s5_e2
3,3,3,3,4,4,3,3,3,3,1,2,3,3,3,3,3,3,3,3#23#5#a23_s5_e3
2,2,3,3,3,3,3,2,4,4,3,3,4,4,3,3,3,3,4,4#23#5#a23_s5_e4
2,3,2,2,3,3,3,3,3,2,2,3,4,4,3,3,2,2,4,4#16#1#a16_s1_e1
2,3,3,3,4,4,4,3,3,2,2,3,3,3,4,4,2,2,3,3#16#1#a16_s1_e2
2,3,2,2,3,3,3,3,3,2,2,3,3,3,4,4,3,3,3,3#16#1#a16_s1_e3
2,2,3,2,3,3,2,3,3,4,2,2,2,2,3,3,3,3,2,2#23#2#a23_s2_e1
3,3,3,3,3,3,3,3,3,3,3,3,3,3,3,3,3,3,3,3#24#3#a24_s3_e4
3,3,3,2,2,3,3,3,3,4,4,4,3,3,3,3,3,4,3,3#23#2#a23_s2_e3
3,3,3,3,4,4,3,3,3,3,3,3,3,3,4,4,3,4,2,2#4#1#a4_s1_e1
3,4,4,4,3,3,4,4,3,3,3,3,3,2,4,4,3,3,3,3#14#6#a14_s6_e2
2,3,3,2,3,4,4,4,3,3,3,3,3,3,3,3,4,4,3,3#23#2#a23_s2_e4
3,3,3,3,3,3,3,3,3,3,2,2,3,3,2,2,2,2,2,2#24#3#a24_s3_e3
3,3,2,2,3,3,2,2,3,3,2,2,1,1,2,2,4,4,2,2#24#3#a24_s3_e2
3,3,2,2,2,2,3,3,3,3,3,3,3,3,2,2,2,2,3,3#25#5#a25_s5_e2
3,3,4,4,3,3,4,4,3,3,2,3,3,3,3,3,2,3,3,3#10#5#a10_s5_e2
3,3,2,2,2,2,2,2,3,3,4,4,3,3,2,2,2,2,3,3#25#5#a25_s5_e1
3,3,3,3,3,3,3,3,3,3,3,3,3,3,2,2,3,3,4,4#25#5#a25_s5_e4
3,3,3,3,3,3,2,3,3,3,3,3,2,2,3,3,4,4,3,3#27#1#a27_s1_e1
3,3,3,3,4,4,2,2,2,2,4,4,3,3,3,3,3,3,4,4#14#5#a14_s5_e4
2,3,3,3,3,3,2,2,3,3,2,3,2,2,3,3,4,4,3,3#5#1#a5_s1_e4
3,3,3,3,3,4,2,2,4,4,3,3,4,3,4,4,3,3,4,3#5#1#a5_s1_e3
3,3,3,3,2,2,2,2,4,3,3,3,4,4,3,4,3,2,3,4#5#1#a5_s1_e2
4,4,2,2,2,3,2,2,3,3,2,3,3,3,3,4,3,2,3,3#5#1#a5_s1_e1
4,4,3,3,3,3,2,2,4,4,4,4,4,4,3,4,4,4,2,2#8#6#a8_s6_e2
3,3,2,2,3,3,2,2,3,3,2,2,4,4,3,3,2,2,4,4#14#3#a14_s3_e4
3,3,4,4,2,2,3,3,4,3,2,2,2,3,3,3,2,2,3,3#5#7#a5_s7_e4
3,3,3,2,3,3,3,3,2,2,4,4,1,2,3,3,3,3,2,2#27#1#a27_s1_e3
3,2,4,4,2,2,3,3,4,3,2,3,3,3,2,3,3,3,3,4#5#7#a5_s7_e1
3,2,3,3,3,3,3,3,4,3,4,4,1,2,3,4,3,3,1,2#8#6#a8_s6_e1
4,4,3,3,2,2,3,2,4,3,1,2,2,2,3,3,3,3,3,3#5#7#a5_s7_e3
2,2,3,3,3,3,3,2,3,3,2,2,3,3,4,4,3,3,3,3#5#7#a5_s7_e2
3,3,3,4,2,3,4,3,3,2,3,3,4,4,3,3,3,3,4,4#10#5#a10_s5_e4
3,3,3,3,2,2,3,3,3,3,3,3,3,3,4,4,2,2,3,3#24#7#a24_s7_e4
3,3,3,3,3,2,3,2,3,3,4,4,3,3,3,3,4,4,2,2#3#8#a3_s8_e2
2,3,3,3,3,3,4,3,3,2,3,3,3,3,2,2,4,3,2,2#3#8#a3_s8_e3
2,2,4,4,3,3,4,4,3,3,2,2,3,3,4,4,4,4,3,2#13#6#a13_s6_e2
2,2,3,3,2,2,3,3,3,2,2,2,1,1,3,3,3,3,1,1#3#8#a3_s8_e1
3,3,4,4,2,3,4,3,3,3,2,3,3,2,3,3,4,4,3,2#13#6#a13_s6_e4
3,3,3,3,3,3,3,2,3,2,2,3,1,1,4,4,4,4,2,2#3#8#a3_s8_e4
3,3,2,2,3,3,3,3,3,3,3,3,3,3,3,3,3,3,2,2#24#5#a24_s5_e3
3,3,3,3,3,3,2,2,3,3,3,3,3,3,3,3,3,3,2,2#24#5#a24_s5_e2
3,3,2,2,3,3,3,3,3,3,3,3,3,3,4,4,4,4,3,3#24#5#a24_s5_e1
3,3,2,2,3,3,4,4,3,3,3,3,3,3,3,3,2,2,3,3#24#5#a24_s5_e4
3,3,2,2,3,3,2,2,3,3,2,3,2,2,2,3,3,3,2,2#19#8#a19_s8_e3
3,3,3,3,4,4,2,2,4,4,4,4,2,2,3,3,3,3,4,4#8#7#a8_s7_e4
3,3,3,3,4,4,3,3,4,4,3,4,4,4,2,2,3,4,4,3#8#7#a8_s7_e1
3,3,3,3,2,2,3,3,4,4,3,4,4,4,3,4,3,4,2,2#8#7#a8_s7_e2
3,3,3,3,4,4,3,3,4,4,2,3,3,3,2,2,2,3,3,3#8#7#a8_s7_e3
4,4,4,4,3,3,4,4,3,3,4,4,4,4,4,4,4,3,3,3#11#4#a11_s4_e4
3,3,2,3,3,3,2,3,3,2,4,4,3,3,3,3,4,4,3,3#9#7#a9_s7_e3
3,3,2,3,4,4,2,2,3,3,4,4,1,2,3,3,4,4,2,3#9#7#a9_s7_e2
1,2,2,3,4,3,2,2,2,2,3,2,2,3,3,3,3,2,1,2#2#1#a2_s1_e1
4,4,4,4,4,3,3,3,3,3,4,3,3,3,4,4,4,3,3,3#11#4#a11_s4_e2
1,2,3,3,3,4,2,2,2,2,2,2,3,3,3,3,3,3,3,3#2#1#a2_s1_e3
4,4,3,3,4,4,3,3,2,2,4,4,3,3,4,4,3,3,3,3#1#1#a1_s1_e3
4,4,3,3,3,2,3,3,3,3,4,4,4,4,4,4,4,3,4,4#1#1#a1_s1_e2
2,3,3,2,2,3,2,3,4,3,3,4,3,2,3,4,2,3,3,2#1#1#a1_s1_e1
2,3,3,3,4,4,3,3,4,3,4,4,3,3,4,4,3,3,3,3#16#4#a16_s4_e4
4,4,4,4,4,3,4,4,3,3,4,4,3,3,4,4,3,3,3,3#16#4#a16_s4_e3
3,3,4,4,4,4,3,3,4,4,4,4,3,2,4,4,3,3,3,3#16#4#a16_s4_e2
3,3,3,3,4,4,3,3,4,4,4,4,3,3,3,3,3,3,3,3#16#4#a16_s4_e1
4,4,3,3,3,3,3,3,2,1,4,4,3,3,4,4,3,3,4,4#1#1#a1_s1_e4
4,4,3,3,4,3,3,3,3,3,3,3,2,2,4,4,3,3,2,2#19#8#a19_s8_e4
2,2,3,4,4,4,4,4,2,1,4,4,3,3,4,4,4,4,3,2#1#6#a1_s6_e4
3,3,4,4,4,4,4,4,3,3,4,4,2,2,4,4,4,4,3,2#1#6#a1_s6_e2
3,3,3,4,2,2,4,4,3,3,4,4,3,3,4,4,4,4,3,3#1#6#a1_s6_e3
2,3,2,3,3,3,3,3,2,2,3,3,3,3,4,4,3,3,3,3#1#6#a1_s6_e1
3,3,4,4,4,4,4,3,4,4,4,4,2,2,4,3,4,3,2,1#9#1#a9_s1_e3
4,4,4,4,3,3,4,4,4,4,4,3,3,3,4,3,4,3,2,2#9#1#a9_s1_e2
4,4,4,4,4,4,3,3,4,3,4,4,4,3,4,4,4,4,4,4#9#1#a9_s1_e1
4,3,2,3,4,3,2,2,2,2,4,3,3,3,4,4,4,4,4,4#17#8#a17_s8_e3
2,3,4,4,4,4,4,4,4,4,3,4,2,1,3,4,3,4,3,2#9#1#a9_s1_e4
3,3,3,3,3,3,3,3,3,2,3,3,3,2,4,4,4,3,3,3#19#4#a19_s4_e2
3,3,3,3,3,3,1,2,2,2,3,2,3,2,3,3,3,2,3,3#2#8#a2_s8_e4
2,3,3,3,3,3,2,2,2,2,3,2,2,2,3,2,4,3,2,2#2#8#a2_s8_e3
3,3,3,3,3,3,2,3,2,2,3,2,2,2,2,2,3,3,3,3#2#8#a2_s8_e2
3,3,4,4,1,2,2,2,3,3,3,3,2,2,3,3,4,3,2,2#2#8#a2_s8_e1
2,2,3,2,2,2,4,4,3,3,3,3,2,2,3,3,4,4,2,2#27#2#a27_s2_e4
2,2,2,2,3,3,3,3,3,2,4,4,2,2,4,4,4,4,2,2#27#6#a27_s6_e1
2,2,3,3,3,2,4,4,4,4,2,2,3,2,3,3,2,2,4,3#15#5#a15_s5_e4
3,3,2,2,3,3,3,3,3,3,4,4,1,1,3,3,4,4,2,2#27#1#a27_s1_e2
3,3,3,4,3,3,3,4,2,3,3,2,2,2,3,2,4,3,2,2#20#4#a20_s4_e1
4,4,4,4,3,3,4,4,2,3,4,4,2,2,3,2,4,4,4,4#20#4#a20_s4_e2
3,3,4,4,2,2,4,4,3,3,3,3,2,2,4,3,3,3,2,3#20#4#a20_s4_e3
4,4,4,4,3,4,3,3,2,3,4,4,3,3,3,3,4,3,4,4#20#4#a20_s4_e4
4,4,4,4,3,2,2,2,3,3,3,2,2,2,3,2,3,2,3,3#20#3#a20_s3_e1
4,3,3,3,4,4,3,3,3,2,4,4,2,2,3,3,3,3,3,3#20#3#a20_s3_e3
4,4,2,3,3,3,3,2,4,3,3,3,4,4,3,3,3,3,3,3#20#3#a20_s3_e2
3,3,3,3,4,4,2,2,3,3,3,3,3,2,3,3,3,3,3,2#9#3#a9_s3_e1
3,3,2,2,3,3,3,3,4,4,2,2,3,3,3,3,4,4,3,2#15#5#a15_s5_e1
2,2,3,3,4,4,4,4,3,2,2,2,2,2,3,3,4,4,2,2#23#6#a23_s6_e1
3,3,2,2,3,3,4,4,3,3,3,4,3,3,2,2,3,2,2,3#27#3#a27_s3_e2
4,4,3,3,3,3,1,2,3,3,3,3,3,3,2,2,3,3,2,3#27#3#a27_s3_e3
3,3,2,2,3,2,2,2,4,4,3,2,1,1,3,2,3,2,1,2#20#3#a20_s3_e4
4,4,4,4,4,4,3,3,3,3,4,4,3,3,4,4,4,4,4,4#3#3#a3_s3_e3
3,4,4,4,3,3,3,3,3,3,3,3,2,2,4,4,4,4,3,3#3#3#a3_s3_e2
3,3,4,4,3,3,3,3,3,3,3,3,3,3,4,4,3,3,4,3#3#3#a3_s3_e1
2,3,4,4,2,3,3,3,3,2,2,3,4,3,2,3,2,3,4,3#3#3#a3_s3_e4
2,3,2,2,3,3,2,2,4,4,3,3,4,4,3,3,3,3,3,3#14#2#a14_s2_e3
2,2,2,3,3,3,2,2,4,4,2,1,2,2,4,4,4,4,3,3#14#2#a14_s2_e2
4,4,2,2,3,3,3,3,3,3,3,3,3,3,2,2,3,2,3,3#27#3#a27_s3_e4
2,2,4,4,4,4,4,4,3,3,4,4,3,3,4,4,3,4,2,2#22#5#a22_s5_e1
2,2,2,2,3,3,2,2,3,2,0,1,3,3,3,2,2,2,3,3#26#5#a26_s5_e4
2,2,3,3,2,2,3,4,4,3,3,2,2,2,2,2,2,2,2,2#15#4#a15_s4_e1
3,3,4,4,3,3,3,4,4,3,3,2,3,3,3,3,3,2,1,1#15#4#a15_s4_e2
2,2,2,2,3,3,3,4,2,2,3,2,1,1,3,2,3,2,1,2#15#4#a15_s4_e3
3,3,2,2,3,3,3,4,4,3,3,2,1,1,3,3,3,3,0,1#15#4#a15_s4_e4
4,4,4,4,3,3,4,4,3,3,4,4,2,2,4,3,3,3,3,3#22#5#a22_s5_e3
4,4,2,2,3,3,3,3,4,4,3,3,3,3,3,3,3,3,3,2#4#5#a4_s5_e2
3,3,4,4,4,4,3,3,3,2,4,4,3,3,4,4,2,3,3,3#4#5#a4_s5_e3
2,2,2,2,3,3,3,3,3,3,1,1,2,2,2,2,2,2,3,3#26#6#a26_s6_e2
3,3,3,3,2,2,2,2,3,3,3,3,1,1,3,3,4,4,3,3#4#5#a4_s5_e1
2,2,2,2,3,2,3,3,3,3,2,2,1,1,3,3,3,3,3,3#26#6#a26_s6_e4
2,2,2,2,4,4,3,3,3,3,3,3,2,2,3,3,4,4,3,3#4#5#a4_s5_e4
3,3,1,1,3,3,3,3,3,3,3,3,3,3,3,3,1,2,3,2#17#2#a17_s2_e2
3,3,2,2,3,3,3,3,3,2,3,3,2,2,3,3,3,3,4,3#12#3#a12_s3_e4
3,3,2,2,3,3,2,2,4,4,1,2,4,4,3,3,2,2,4,4#26#1#a26_s1_e2
3,3,2,2,3,3,3,3,3,2,2,3,2,2,4,4,3,3,4,4#12#3#a12_s3_e2
3,3,3,2,3,3,3,3,3,2,4,4,2,2,4,4,3,3,4,3#12#3#a12_s3_e3
2,3,2,2,3,3,3,3,3,3,4,4,2,2,3,3,4,4,3,3#12#3#a12_s3_e1
4,4,2,2,3,3,4,4,3,3,3,3,2,3,2,3,2,1,2,3#27#5#a27_s5_e4
2,2,3,3,3,3,2,3,3,3,3,3,2,2,4,4,2,1,2,2#27#5#a27_s5_e1
2,1,2,2,2,2,3,4,3,2,2,2,2,3,2,3,2,2,2,3#27#5#a27_s5_e2
4,4,3,3,2,2,4,4,3,2,3,3,1,2,3,3,2,2,3,3#27#5#a27_s5_e3
2,3,4,4,3,3,3,3,4,4,4,3,3,3,4,4,4,4,3,2#10#6#a10_s6_e3
3,3,4,3,3,3,3,3,4,4,4,4,3,3,4,4,4,4,4,4#10#6#a10_s6_e2
3,3,4,4,3,3,3,3,4,4,4,4,4,4,4,4,3,4,2,3#10#6#a10_s6_e1
2,2,4,4,4,4,3,3,3,3,4,4,3,3,3,3,4,3,3,2#22#2#a22_s2_e3
3,3,3,3,3,3,4,4,3,3,3,3,2,2,2,2,3,3,3,3#22#2#a22_s2_e4
2,3,4,4,3,3,3,3,4,4,3,4,1,1,4,4,3,4,2,2#10#6#a10_s6_e4
3,3,2,2,4,4,3,3,3,3,3,3,2,2,3,3,4,4,3,3#21#7#a21_s7_e1
4,4,1,1,3,3,3,3,4,4,3,3,3,3,3,3,3,3,3,3#21#7#a21_s7_e2
2,2,2,2,4,4,3,3,3,3,3,3,3,3,3,3,2,3,3,3#21#7#a21_s7_e3
3,3,2,2,4,4,4,4,2,3,3,3,4,4,3,3,3,3,1,2#21#7#a21_s7_e4
4,3,2,2,3,4,3,3,3,2,3,2,3,2,3,3,3,3,2,2#17#2#a17_s2_e3
2,2,4,4,2,2,4,4,2,2,3,3,2,2,2,2,4,4,2,3#23#6#a23_s6_e2
4,3,3,4,3,3,3,2,4,3,3,3,2,2,3,3,3,3,2,2#8#1#a8_s1_e2
4,3,3,4,2,2,3,2,3,2,2,2,2,1,3,3,3,3,2,1#8#1#a8_s1_e3
3,3,4,4,3,3,4,4,3,2,3,3,2,2,3,3,3,2,1,1#8#1#a8_s1_e1
2,1,3,3,3,2,2,2,2,2,3,2,4,4,3,2,2,1,3,3#2#7#a2_s7_e2
3,3,3,3,3,2,4,4,2,2,3,3,2,2,2,2,2,1,3,3#2#7#a2_s7_e3
2,3,4,3,3,3,3,4,3,2,3,4,3,3,4,4,3,4,3,3#3#5#a3_s5_e3
2,2,3,3,3,4,3,3,1,2,3,2,3,3,2,2,2,2,3,3#2#7#a2_s7_e1
1,2,4,3,3,4,3,4,3,3,3,4,3,3,4,4,3,4,2,3#3#5#a3_s5_e4
3,2,1,2,3,3,2,2,1,2,3,2,4,4,3,2,2,2,3,3#2#7#a2_s7_e4
2,2,3,3,3,3,2,2,3,2,3,3,3,3,3,3,3,3,2,3#27#8#a27_s8_e2
3,3,3,3,4,3,3,2,2,2,4,4,1,1,4,4,4,4,2,2#1#8#a1_s8_e1
3,3,3,3,4,4,4,3,2,2,3,3,4,4,4,4,3,3,3,3#1#8#a1_s8_e2
3,3,3,3,4,4,4,4,2,2,3,3,3,3,4,4,3,4,3,3#1#8#a1_s8_e3
3,3,2,3,4,4,3,3,3,2,4,3,3,3,4,4,4,3,3,3#1#8#a1_s8_e4
3,3,1,1,3,3,3,3,3,3,3,3,2,3,3,3,3,3,3,3#25#6#a25_s6_e2
2,3,4,4,4,4,3,3,3,3,3,3,3,3,3,2,2,2,3,3#16#2#a16_s2_e1
3,3,3,3,3,3,2,2,3,3,3,3,2,2,3,3,3,3,2,2#19#8#a19_s8_e1
3,3,4,4,4,4,3,3,3,3,3,3,3,2,3,2,4,4,3,3#16#2#a16_s2_e3
3,3,3,3,3,3,2,2,3,3,3,3,3,2,4,4,4,4,3,3#16#2#a16_s2_e2
2,3,1,1,3,3,2,1,2,1,3,3,4,3,3,4,3,3,3,3#17#3#a17_s3_e3
2,3,4,4,3,2,4,4,3,3,2,3,3,2,3,3,3,3,3,2#16#2#a16_s2_e4
3,3,3,3,4,4,2,2,4,4,4,3,3,3,4,3,3,3,3,3#17#3#a17_s3_e1
3,3,2,2,3,3,2,2,4,4,3,3,1,1,4,4,2,2,4,4#12#5#a12_s5_e4
3,3,3,3,4,4,2,2,3,3,3,3,3,3,4,4,3,3,3,3#16#8#a16_s8_e2
2,2,2,2,3,3,2,2,4,3,3,3,3,3,3,3,3,3,4,3#12#5#a12_s5_e1
3,3,2,2,3,3,3,3,3,2,4,4,1,1,3,2,3,3,4,4#12#5#a12_s5_e2
2,2,2,2,3,3,3,3,3,3,4,4,2,2,3,3,2,2,4,3#12#5#a12_s5_e3
2,3,2,2,2,2,2,2,4,3,2,3,2,2,4,4,2,2,3,3#15#2#a15_s2_e2
2,3,3,3,2,2,2,1,3,4,2,3,2,2,4,3,2,3,2,2#15#2#a15_s2_e3
3,3,4,4,3,2,2,2,4,4,3,3,3,3,4,3,4,4,3,3#15#2#a15_s2_e1
2,2,2,3,4,4,2,2,4,4,4,3,3,3,4,4,4,4,3,3#15#2#a15_s2_e4
2,2,3,3,3,3,3,3,3,3,3,3,4,4,2,2,3,3,2,2#25#1#a25_s1_e2
1,2,3,2,3,3,2,2,3,3,4,4,3,3,3,3,3,3,1,2#21#2#a21_s2_e3
3,3,2,2,2,3,2,3,3,2,3,3,4,4,2,3,3,3,4,4#6#7#a6_s7_e4
2,3,2,2,2,2,2,2,3,3,2,3,4,3,3,3,4,4,4,3#6#7#a6_s7_e2
3,3,4,4,3,3,3,3,3,3,3,3,4,4,3,3,4,3,4,4#6#7#a6_s7_e3
3,3,3,3,3,3,4,4,3,3,3,3,4,4,4,4,3,3,4,4#6#7#a6_s7_e1
3,3,2,2,3,3,3,3,3,3,2,2,2,2,1,1,3,3,2,2#25#6#a25_s6_e4
2,2,4,4,4,4,3,3,3,3,4,3,2,2,4,4,4,4,4,4#21#2#a21_s2_e1
3,4,2,1,3,3,3,3,3,3,3,3,4,4,2,3,3,3,3,3#6#1#a6_s1_e1
3,3,3,3,2,3,3,3,3,3,3,3,4,4,3,3,3,4,4,4#6#1#a6_s1_e2
3,3,3,3,3,3,3,3,4,4,3,3,4,4,3,3,3,4,4,4#6#1#a6_s1_e3
3,3,2,2,3,3,3,3,3,3,3,3,3,3,3,3,4,4,4,4#6#1#a6_s1_e4
3,3,3,3,4,4,2,2,2,2,3,3,3,3,3,3,3,3,3,3#7#1#a7_s1_e1
2,2,2,2,2,3,3,3,4,3,3,3,3,3,3,3,2,2,2,3#17#7#a17_s7_e3
2,2,3,3,3,3,3,3,2,1,2,2,3,3,2,3,3,3,3,3#7#1#a7_s1_e3
3,3,3,3,3,3,2,2,2,2,2,3,3,3,2,2,3,3,3,3#7#1#a7_s1_e2
2,2,3,3,3,3,1,2,2,2,2,2,3,3,1,2,2,2,3,3#7#1#a7_s1_e4
3,3,3,3,4,3,3,4,3,3,3,3,3,2,3,3,3,3,3,3#13#8#a13_s8_e2
3,3,2,3,2,3,3,2,2,2,1,2,3,3,3,3,2,2,3,3#7#6#a7_s6_e1
3,3,1,1,4,4,3,2,3,2,2,3,3,2,3,3,3,3,3,2#7#6#a7_s6_e2
3,3,4,4,4,4,4,3,3,2,2,2,3,2,3,3,3,3,3,3#7#6#a7_s6_e3
3,3,2,3,3,3,3,2,3,3,3,3,3,2,3,2,2,2,3,2#7#6#a7_s6_e4
3,3,2,2,3,3,3,4,3,3,3,3,3,2,4,3,3,2,3,2#13#8#a13_s8_e4
2,3,4,4,3,3,4,4,3,3,2,3,2,2,3,2,3,3,3,2#16#8#a16_s8_e3
1,2,3,3,2,3,3,2,2,2,3,3,2,2,3,3,3,3,3,3#5#2#a5_s2_e4
3,3,3,3,3,3,3,3,2,2,3,3,4,4,2,3,3,3,4,4#14#6#a14_s6_e4
1,1,3,3,3,3,1,2,2,2,3,3,3,3,3,3,3,3,3,3#5#2#a5_s2_e2
0,1,3,3,2,2,3,3,2,2,2,2,1,2,3,3,3,3,2,2#5#2#a5_s2_e3
2,2,3,4,2,3,4,3,2,2,3,3,3,3,4,4,3,3,4,3#14#6#a14_s6_e1
1,2,1,2,2,2,2,2,2,1,2,2,2,2,3,3,3,3,2,2#5#2#a5_s2_e1
3,3,4,4,3,3,4,4,3,3,4,4,3,2,4,4,4,4,3,2#11#1#a11_s1_e4
4,4,4,4,2,2,4,4,3,3,4,4,4,4,3,3,4,4,3,3#11#1#a11_s1_e3
3,3,4,4,3,3,3,3,3,3,2,3,1,2,3,4,2,3,1,2#11#1#a11_s1_e2
4,4,4,4,3,3,4,4,3,3,4,4,4,3,4,4,4,4,3,2#11#1#a11_s1_e1
2,2,2,2,2,2,3,3,4,4,3,3,3,3,3,2,2,2,3,3#17#7#a17_s7_e2
4,4,4,3,4,4,2,3,3,4,2,3,3,3,2,3,2,3,2,2#9#5#a9_s5_e4
3,3,3,3,4,4,3,3,2,3,3,3,3,3,4,4,3,3,3,3#9#5#a9_s5_e3
4,4,4,4,4,4,2,3,3,3,2,3,2,2,2,3,2,3,3,2#9#5#a9_s5_e2
4,4,4,4,3,3,2,2,3,2,2,3,3,3,3,4,2,3,3,2#9#5#a9_s5_e1
4,4,3,2,2,2,1,2,4,4,3,3,1,2,3,3,3,2,1,2#11#7#a11_s7_e1
4,4,4,4,3,3,2,2,3,3,3,3,3,3,3,3,3,3,2,2#11#7#a11_s7_e3
2,2,3,3,3,4,3,2,3,3,3,3,1,2,3,3,3,3,3,3#3#5#a3_s5_e1
4,4,3,3,3,3,2,2,3,3,2,3,3,3,3,3,3,3,2,3#11#7#a11_s7_e4
4,4,3,4,3,3,4,4,3,3,2,2,2,2,4,3,4,3,3,3#22#8#a22_s8_e1
3,3,3,3,3,3,4,4,3,3,3,3,2,2,3,3,2,3,3,3#16#8#a16_s8_e4
2,2,3,3,3,3,3,3,2,2,2,2,2,2,3,3,3,3,3,3#24#6#a24_s6_e1
3,3,2,2,2,2,3,3,3,3,2,2,2,2,3,3,3,3,2,2#26#1#a26_s1_e1
2,2,3,3,2,3,3,3,2,2,2,3,2,2,4,4,2,3,2,2#20#7#a20_s7_e4
3,3,3,3,2,2,2,2,2,2,2,2,3,3,2,2,1,2,3,3#7#8#a7_s8_e4
1,2,3,3,2,2,2,3,2,1,1,2,2,2,3,2,4,4,2,2#18#2#a18_s2_e4
3,3,4,4,2,2,3,3,2,2,2,2,3,3,3,2,3,3,3,3#7#8#a7_s8_e2
3,2,3,3,3,3,3,2,2,2,2,2,2,2,2,2,3,3,2,2#7#8#a7_s8_e3
1,2,3,3,2,2,3,3,1,1,2,2,2,2,2,2,3,3,2,2#18#2#a18_s2_e1
3,3,3,3,3,3,2,2,2,2,2,2,2,2,2,2,2,2,3,3#7#8#a7_s8_e1
4,4,4,4,3,3,3,2,2,1,3,3,3,2,3,3,3,3,3,2#20#1#a20_s1_e3
4,4,4,4,2,2,2,2,3,3,3,2,4,4,3,3,3,3,3,3#20#1#a20_s1_e2
3,3,4,4,3,3,3,2,3,3,3,3,3,3,3,3,3,4,3,3#20#1#a20_s1_e1
3,3,3,3,4,4,4,3,3,2,3,3,3,3,3,3,3,3,3,2#20#1#a20_s1_e4
3,3,3,3,4,4,4,3,2,2,3,3,3,3,3,3,3,3,2,3#23#8#a23_s8_e3
4,4,2,2,2,2,3,3,2,2,4,4,3,3,4,4,3,4,3,3#18#4#a18_s4_e1
3,4,3,2,3,3,2,2,4,3,2,3,4,4,3,3,3,4,4,4#4#1#a4_s1_e4
4,4,4,3,2,2,3,3,3,3,4,4,2,2,4,4,3,3,3,3#18#4#a18_s4_e3
3,2,2,3,3,3,3,3,2,2,4,3,3,3,3,3,4,4,3,3#18#4#a18_s4_e2
3,3,3,3,2,2,4,4,2,1,4,3,3,3,3,2,3,3,3,3#18#4#a18_s4_e4
1,1,3,3,3,3,4,4,3,3,2,2,3,3,4,3,4,3,3,2#22#4#a22_s4_e2
3,3,4,4,3,3,4,4,4,4,3,3,2,2,3,3,4,4,3,3#22#4#a22_s4_e3
2,2,4,4,2,2,4,4,3,3,3,3,2,2,4,4,4,4,2,2#22#4#a22_s4_e1
3,3,2,2,3,3,3,3,3,2,2,2,2,2,3,3,2,2,3,3#26#1#a26_s1_e3
3,3,4,4,3,3,4,4,2,3,4,4,3,3,3,3,4,4,4,4#22#4#a22_s4_e4
3,3,2,2,3,3,3,3,4,4,2,2,2,2,4,4,3,3,2,2#24#6#a24_s6_e4
3,3,3,3,2,2,2,2,2,2,2,2,3,3,1,1,2,2,2,2#25#8#a25_s8_e4
3,3,4,4,3,3,2,2,3,3,3,2,3,3,3,3,3,3,2,3#19#5#a19_s5_e1
3,3,1,2,2,2,1,1,3,3,4,3,2,2,4,3,3,2,2,3#20#8#a20_s8_e4
4,4,2,2,2,2,2,2,3,3,4,4,1,1,4,4,2,2,3,2#15#8#a15_s8_e4
4,4,2,2,1,2,2,2,2,2,3,3,1,2,3,3,3,3,3,3#20#8#a20_s8_e1
4,4,2,3,3,3,3,3,2,2,4,3,2,2,4,4,3,2,2,3#20#8#a20_s8_e2
4,4,3,3,3,3,2,2,3,3,4,4,2,2,3,2,3,2,3,3#20#8#a20_s8_e3
3,3,4,3,3,3,3,3,3,3,3,3,2,3,2,2,3,2,4,4#27#3#a27_s3_e1
3,3,3,3,3,3,3,3,3,3,3,3,2,2,4,4,3,3,3,3#19#7#a19_s7_e1
2,2,2,2,4,4,2,2,3,3,1,1,2,2,3,3,2,2,4,4#26#5#a26_s5_e1
2,2,2,1,3,3,2,1,3,3,0,1,3,3,4,4,2,2,4,3#26#5#a26_s5_e3
2,2,2,2,3,3,3,3,2,2,0,1,3,3,4,4,2,2,3,3#26#5#a26_s5_e2
2,3,2,2,3,3,4,4,2,2,2,3,3,3,2,3,2,3,3,3#19#7#a19_s7_e3
4,4,2,2,3,2,2,2,3,3,4,4,2,2,2,2,4,4,3,3#15#8#a15_s8_e1
2,2,2,2,3,2,3,3,3,3,1,1,1,1,3,3,2,2,3,2#26#6#a26_s6_e1
3,3,3,3,4,3,3,3,2,1,3,3,3,3,4,3,3,2,3,3#17#4#a17_s4_e2
3,3,3,4,4,3,3,3,3,4,3,3,3,3,4,3,3,2,3,3#17#4#a17_s4_e3
3,3,3,3,4,4,2,2,2,2,3,3,2,2,3,2,3,3,3,3#17#4#a17_s4_e1
2,3,3,3,3,3,3,3,2,1,2,3,2,2,2,3,3,2,2,3#17#4#a17_s4_e4
3,3,2,2,3,3,4,3,2,2,3,3,2,2,3,3,3,3,3,2#19#3#a19_s3_e4
2,3,2,1,3,3,3,3,4,4,3,3,0,1,4,4,2,2,3,2#26#6#a26_s6_e3
3,3,3,3,3,3,0,1,2,2,3,3,3,2,3,3,3,3,2,2#19#3#a19_s3_e1
3,3,4,4,3,3,2,2,3,3,2,3,3,3,4,4,2,3,3,3#19#3#a19_s3_e3
3,3,2,2,3,3,3,2,2,2,3,3,2,2,3,4,3,3,3,2#19#3#a19_s3_e2
3,3,1,1,2,2,4,4,3,3,3,3,2,2,2,2,3,3,3,3#24#6#a24_s6_e2
4,4,2,2,2,2,3,3,4,4,2,2,3,3,3,3,4,4,3,3#24#6#a24_s6_e3
3,3,3,3,2,2,2,2,3,3,3,3,1,1,3,3,2,2,2,2#1#5#a1_s5_e4
2,3,3,3,1,1,2,2,2,2,4,4,2,2,3,3,2,2,2,2#1#5#a1_s5_e3
2,3,3,3,1,1,1,2,2,1,4,4,2,1,4,3,3,3,2,2#1#5#a1_s5_e2
3,3,3,3,2,2,2,2,2,2,4,4,1,2,4,3,2,2,2,2#1#5#a1_s5_e1
3,3,4,4,3,3,4,3,4,3,3,3,2,2,4,4,2,3,3,3#22#5#a22_s5_e4
4,4,3,3,4,4,4,4,3,3,2,3,2,2,3,3,3,3,2,2#23#8#a23_s8_e2
3,3,4,4,3,3,4,4,4,4,4,3,2,2,4,3,4,4,3,3#23#8#a23_s8_e1
3,3,2,3,3,3,3,3,3,3,3,3,2,2,3,3,4,4,4,4#4#2#a4_s2_e4
2,3,3,3,2,3,3,3,3,3,2,3,2,2,4,3,3,4,3,3#4#2#a4_s2_e3
3,3,3,3,3,3,3,3,2,2,3,3,2,2,3,3,3,3,4,4#4#2#a4_s2_e2
3,3,2,2,3,3,3,3,3,3,3,3,2,2,4,3,4,4,4,4#4#2#a4_s2_e1
4,4,3,3,4,4,4,4,4,4,4,3,4,4,4,4,2,3,3,3#23#8#a23_s8_e4
2,2,2,2,3,3,3,3,3,3,3,3,2,2,3,3,3,3,2,2#24#1#a24_s1_e3
3,3,2,2,2,2,2,2,3,3,3,3,3,3,3,3,2,2,3,3#24#1#a24_s1_e2
3,3,3,3,4,4,3,2,3,3,3,3,3,2,3,3,2,2,3,3#16#6#a16_s6_e4
3,3,4,4,3,3,4,4,2,3,3,2,3,3,3,3,3,3,3,3#16#6#a16_s6_e1
3,3,3,3,4,4,3,2,2,2,3,3,4,4,4,4,3,3,3,3#16#6#a16_s6_e3
4,3,2,2,4,3,3,3,2,1,4,4,3,3,3,3,3,3,3,3#16#6#a16_s6_e2
3,3,4,4,3,3,3,4,3,3,3,2,2,1,3,3,3,2,4,4#5#4#a5_s4_e1
3,3,3,3,3,2,3,4,2,3,4,4,2,2,3,2,3,2,2,3#5#4#a5_s4_e2
3,2,4,4,3,3,3,4,2,3,4,3,2,2,4,3,3,2,3,3#5#4#a5_s4_e3
4,4,2,3,3,3,3,2,2,3,4,4,2,2,4,3,3,2,3,4#5#4#a5_s4_e4
3,3,2,2,2,2,3,3,3,3,2,2,2,2,4,4,2,2,2,2#25#1#a25_s1_e3
4,4,3,3,3,3,3,3,3,3,4,4,2,2,3,3,4,4,4,4#9#3#a9_s3_e3
4,4,3,3,3,3,2,3,3,2,3,3,2,2,3,3,3,3,3,3#9#3#a9_s3_e2
3,4,2,2,3,2,3,3,3,3,2,2,3,4,3,4,3,3,2,3#26#4#a26_s4_e4
3,3,2,2,3,3,3,3,3,3,2,1,2,2,3,3,2,2,2,2#26#1#a26_s1_e4
4,4,2,1,3,3,3,3,3,2,2,3,3,2,3,3,4,4,3,2#16#3#a16_s3_e1
3,3,3,3,3,3,3,3,4,4,3,3,3,4,3,3,3,3,3,3#26#7#a26_s7_e1
4,4,2,2,3,3,3,3,3,3,2,1,3,3,4,4,3,2,3,3#26#4#a26_s4_e3
2,2,3,3,2,2,3,3,2,2,2,2,2,2,2,2,2,2,2,2#25#4#a25_s4_e3
4,3,3,3,4,4,3,3,2,3,4,3,3,3,3,2,3,2,3,3#1#3#a1_s3_e4
4,3,3,3,4,3,3,3,3,3,4,4,2,1,4,4,3,2,3,3#1#3#a1_s3_e1
4,4,3,3,3,2,3,3,3,3,4,3,2,2,3,2,3,3,2,2#1#3#a1_s3_e3
3,3,3,3,3,3,3,3,2,3,4,3,2,2,4,3,3,3,3,3#1#3#a1_s3_e2
2,3,3,3,4,4,3,3,3,3,3,3,3,2,4,4,2,3,3,2#6#3#a6_s3_e2
3,3,3,3,4,4,3,3,2,1,3,3,3,3,3,3,3,4,3,3#6#3#a6_s3_e3
4,4,2,2,4,4,3,3,3,2,4,4,3,3,4,4,3,3,3,3#6#3#a6_s3_e1
3,3,3,2,2,3,4,4,3,2,3,3,3,3,3,3,4,4,3,3#6#3#a6_s3_e4
2,2,3,3,3,3,2,2,2,2,2,2,3,3,2,2,2,2,2,2#25#4#a25_s4_e4
2,3,3,3,3,3,3,3,2,1,2,2,3,3,3,3,3,2,3,3#7#2#a7_s2_e4
3,3,4,4,3,3,3,3,2,2,3,3,4,4,2,2,3,3,4,4#18#8#a18_s8_e4
3,3,4,4,3,3,3,3,3,3,3,3,4,4,2,2,4,4,4,4#13#8#a13_s8_e3
3,3,3,3,2,2,3,3,3,3,3,3,3,3,2,2,3,4,3,3#18#8#a18_s8_e1
3,3,3,3,3,3,2,2,2,1,3,3,2,2,3,4,3,3,3,3#7#2#a7_s2_e1
3,3,3,4,3,3,3,2,2,2,3,3,3,2,3,3,3,3,3,2#7#2#a7_s2_e2
2,3,2,2,1,1,3,3,2,1,2,2,3,3,2,2,3,2,3,3#7#2#a7_s2_e3
3,3,4,3,4,4,4,4,3,3,3,3,4,4,4,4,3,4,4,4#22#8#a22_s8_e4
3,3,2,2,2,2,2,2,3,3,2,2,2,2,3,3,2,2,3,3#26#4#a26_s4_e1
3,3,4,4,4,3,4,4,2,2,4,4,3,2,4,4,4,4,3,3#22#8#a22_s8_e2
3,3,3,3,3,3,2,2,3,3,2,3,2,2,2,2,3,3,3,3#22#8#a22_s8_e3
4,4,2,2,2,2,3,3,2,3,4,4,4,4,3,2,3,3,3,4#16#5#a16_s5_e2
2,2,3,4,3,3,3,3,4,3,3,3,3,3,3,4,4,4,3,3#17#5#a17_s5_e3
2,2,3,3,3,3,4,3,3,2,3,3,3,2,4,4,3,3,4,4#10#8#a10_s8_e4
2,3,2,2,4,4,4,4,3,3,3,4,4,4,3,4,4,3,3,3#23#7#a23_s7_e4
3,3,3,3,3,3,3,2,3,3,3,3,1,2,3,3,3,3,1,1#10#8#a10_s8_e1
3,3,3,2,1,2,4,4,3,3,3,3,2,3,4,4,4,4,3,3#23#7#a23_s7_e3
2,3,3,3,2,2,3,3,3,3,3,3,2,2,3,3,3,2,2,2#10#8#a10_s8_e3
1,2,3,3,3,3,3,3,3,3,3,3,2,2,3,2,3,2,3,3#10#8#a10_s8_e2
4,4,3,2,3,2,2,2,2,2,4,4,2,2,4,4,3,3,2,2#21#1#a21_s1_e2
3,3,2,2,3,3,3,3,2,2,3,3,2,2,3,4,3,3,2,2#21#1#a21_s1_e3
3,3,2,2,4,4,4,4,2,1,2,3,2,2,3,3,3,3,2,2#21#1#a21_s1_e1
3,3,2,2,3,3,2,3,3,3,2,2,2,2,3,2,3,3,3,2#12#8#a12_s8_e1
3,4,4,4,3,3,2,2,2,2,4,4,3,3,4,4,4,4,3,2#21#1#a21_s1_e4
3,3,3,3,2,3,3,3,3,3,3,3,2,2,3,3,4,4,2,2#22#2#a22_s2_e1
3,3,3,3,3,3,2,2,3,3,2,2,3,3,2,2,3,3,2,2#25#1#a25_s1_e1
3,3,3,3,4,4,4,4,3,3,2,2,3,3,3,3,4,4,3,2#22#2#a22_s2_e2
3,3,3,4,4,4,2,2,4,3,3,3,3,3,3,4,4,3,3,3#17#5#a17_s5_e2
3,3,2,2,3,3,3,3,4,4,3,3,3,3,4,4,3,3,3,3#24#7#a24_s7_e1
3,3,2,2,3,3,2,2,4,4,3,3,3,3,4,4,3,3,2,2#24#7#a24_s7_e3
3,3,2,2,2,2,3,3,3,3,3,3,4,4,3,3,2,2,3,3#24#1#a24_s1_e4
3,3,2,2,3,3,2,2,3,2,1,1,2,2,3,3,2,2,3,3#26#3#a26_s3_e3
2,2,2,2,3,3,3,3,3,2,0,1,3,3,3,3,3,2,3,3#26#3#a26_s3_e2
3,3,2,2,2,2,3,3,3,3,1,1,1,2,2,3,3,2,2,2#26#3#a26_s3_e1
4,4,4,4,3,3,4,4,3,2,3,3,3,3,3,3,3,3,4,4#10#7#a10_s7_e1
4,4,2,2,4,3,2,2,4,4,4,3,4,4,4,3,4,3,2,2#15#6#a15_s6_e4
3,3,4,4,3,3,3,3,4,4,4,4,3,3,4,4,4,4,3,3#15#6#a15_s6_e2
3,3,2,3,4,4,4,4,4,4,4,4,3,3,4,3,4,3,3,3#15#6#a15_s6_e3
3,3,4,4,3,3,3,3,3,3,4,4,3,3,4,4,4,4,3,3#15#6#a15_s6_e1
3,3,4,4,2,2,3,2,3,3,3,3,3,3,3,3,4,4,3,3#13#4#a13_s4_e4
3,3,4,4,3,3,3,3,3,3,2,3,2,2,3,3,3,3,3,3#10#7#a10_s7_e3
3,3,4,4,3,3,3,3,3,3,3,3,4,4,3,3,4,4,3,3#13#4#a13_s4_e2
4,4,4,4,4,4,3,2,3,3,4,4,4,4,3,3,4,4,4,4#13#4#a13_s4_e3
3,3,4,4,3,3,4,4,3,3,3,3,3,3,3,3,4,4,3,3#13#4#a13_s4_e1
2,3,3,4,2,2,2,2,3,3,3,3,2,2,4,4,4,4,3,3#13#2#a13_s2_e4
2,3,3,3,3,3,2,2,3,3,3,3,3,3,4,4,3,2,3,2#13#2#a13_s2_e1
3,3,3,4,2,2,3,3,3,3,3,3,3,3,3,3,3,3,3,3#13#2#a13_s2_e2
2,2,4,4,2,2,3,2,2,3,2,2,3,3,3,3,3,2,3,3#13#2#a13_s2_e3
4,4,3,3,2,2,2,2,3,3,3,3,2,2,3,3,3,3,2,3#19#5#a19_s5_e3
3,3,3,3,4,3,2,3,2,2,3,3,4,4,4,3,4,3,4,4#19#5#a19_s5_e2
2,3,4,4,4,3,3,3,3,4,2,3,3,3,4,4,4,4,3,2#17#5#a17_s5_e4
4,4,2,2,2,2,3,3,3,3,3,3,3,2,3,3,3,3,2,3#19#5#a19_s5_e4
3,3,4,4,2,2,4,4,4,4,2,2,3,3,3,3,4,4,2,3#23#6#a23_s6_e3
1,1,4,4,4,4,4,4,2,2,3,3,4,4,4,4,4,4,4,4#22#6#a22_s6_e4
1,1,3,3,3,3,3,3,2,2,4,4,3,3,4,4,4,3,4,4#27#6#a27_s6_e3
3,3,2,2,3,3,3,3,3,3,3,3,3,3,4,4,3,3,3,3#27#6#a27_s6_e2
2,2,4,4,3,3,3,3,2,2,3,3,1,1,3,2,3,3,1,2#18#6#a18_s6_e1
3,3,4,4,2,2,3,4,3,3,3,3,2,2,3,3,4,4,3,3#22#6#a22_s6_e2
2,3,4,4,3,3,4,4,4,4,2,2,3,3,2,3,4,4,2,2#22#6#a22_s6_e3
2,3,4,4,4,4,3,3,3,4,2,3,4,4,3,4,3,3,3,3#21#8#a21_s8_e4
2,3,3,3,4,4,2,2,3,3,4,4,4,3,4,4,4,4,4,4#3#7#a3_s7_e4
3,3,3,3,4,4,2,3,3,2,3,3,4,4,3,3,3,3,3,3#3#7#a3_s7_e3
2,3,2,3,2,3,2,2,3,3,3,3,4,4,4,4,4,4,4,4#3#7#a3_s7_e2
3,3,3,3,3,4,2,2,3,3,3,2,3,2,3,3,3,3,3,2#3#7#a3_s7_e1
3,3,3,3,4,4,2,2,3,2,3,3,2,1,2,1,3,3,4,4#12#7#a12_s7_e2
2,3,3,3,3,3,2,2,3,2,3,3,2,2,2,2,3,2,4,4#12#7#a12_s7_e3
4,3,3,3,3,3,2,2,4,4,4,4,2,2,2,2,3,2,3,3#12#7#a12_s7_e1
3,3,3,3,2,2,4,4,2,2,3,3,3,3,1,1,2,2,2,2#25#7#a25_s7_e1
3,3,3,3,4,4,3,3,3,4,3,3,2,2,3,3,3,3,4,4#12#7#a12_s7_e4
3,3,3,3,3,3,3,3,3,3,3,3,3,3,2,2,2,2,3,3#25#7#a25_s7_e3
4,4,3,3,4,4,3,3,4,3,3,3,2,2,3,3,3,3,3,2#8#4#a8_s4_e1
3,3,3,3,2,2,3,3,4,4,3,3,3,3,3,3,3,3,4,4#8#4#a8_s4_e3
3,3,2,3,4,4,2,2,4,4,3,3,3,3,3,3,3,3,4,4#8#4#a8_s4_e2
3,2,2,3,3,3,2,2,4,3,4,3,2,2,3,3,4,3,3,3#8#4#a8_s4_e4
3,3,4,4,3,3,3,3,3,3,3,3,3,3,3,3,3,3,4,4#11#3#a11_s3_e4
2,3,4,4,4,3,4,4,4,4,4,4,3,3,4,4,4,4,3,3#9#8#a9_s8_e2
2,3,4,4,4,3,2,2,4,4,4,3,3,3,4,4,4,3,3,2#9#8#a9_s8_e3
4,4,4,4,3,3,3,3,3,3,2,3,2,2,3,3,3,4,4,4#11#3#a11_s3_e1
3,3,3,3,4,4,3,3,3,3,3,3,2,3,3,4,3,4,3,3#4#1#a4_s1_e3
3,3,4,4,4,4,3,3,3,3,4,4,4,4,4,4,4,4,3,3#11#3#a11_s3_e3
3,3,4,4,3,3,4,4,3,3,3,4,3,3,3,3,3,3,4,4#11#3#a11_s3_e2
3,3,3,3,3,3,4,4,3,3,3,3,3,3,3,3,4,4,3,3#6#5#a6_s5_e4
3,3,3,3,2,2,4,4,3,3,3,3,3,3,3,3,2,3,4,4#10#5#a10_s5_e3
4,4,4,4,4,4,4,4,3,3,4,4,3,3,4,4,4,4,3,3#11#4#a11_s4_e1
2,2,3,4,4,4,4,3,3,2,2,3,3,3,4,4,3,3,3,2#10#5#a10_s5_e1
2,2,2,1,3,3,1,2,1,2,3,4,1,2,3,4,4,4,1,2#27#1#a27_s1_e4
3,3,3,3,3,3,3,3,3,3,3,3,2,2,2,3,4,4,4,4#6#5#a6_s5_e1
3,3,3,3,4,4,4,4,3,3,3,3,3,3,3,4,4,4,2,3#6#5#a6_s5_e2
3,3,3,3,3,3,3,3,3,2,2,3,3,3,3,3,4,4,3,3#6#5#a6_s5_e3
3,3,3,4,1,2,3,3,4,3,3,2,3,3,3,3,4,4,3,3#17#6#a17_s6_e4
3,3,3,3,4,4,3,2,3,3,3,2,3,3,3,3,4,4,3,3#17#6#a17_s6_e1
3,2,3,4,3,3,3,3,4,3,3,3,3,3,3,3,4,4,3,3#17#6#a17_s6_e2
4,4,3,4,3,3,3,3,4,3,4,4,3,3,3,3,2,3,3,3#17#6#a17_s6_e3
3,3,3,3,2,2,2,2,3,3,3,3,3,3,2,2,3,3,2,2#24#2#a24_s2_e4
2,3,3,3,4,4,4,4,3,3,2,3,3,3,4,4,2,3,3,3#3#5#a3_s5_e2
3,3,3,3,3,3,3,3,3,3,3,3,3,3,3,3,2,2,3,3#24#2#a24_s2_e2
3,3,2,2,3,3,3,3,3,3,3,3,2,2,3,3,3,2,3,3#24#2#a24_s2_e3
3,3,2,2,3,3,3,3,3,3,4,4,2,2,3,3,2,2,2,2#24#2#a24_s2_e1
4,3,3,3,3,3,3,4,2,2,3,2,2,1,3,3,3,3,3,3#7#4#a7_s4_e2
3,3,3,3,3,3,3,3,2,3,3,3,2,2,3,2,2,2,3,2#7#4#a7_s4_e3
3,3,3,3,2,2,2,3,2,2,2,1,2,2,2,2,3,3,2,2#7#4#a7_s4_e1
2,3,3,3,3,3,3,4,4,3,2,2,4,3,2,3,3,3,4,4#15#5#a15_s5_e3
2,3,3,3,3,3,2,3,3,2,2,2,3,2,3,3,2,2,3,3#15#5#a15_s5_e2
4,3,4,4,3,3,4,4,2,2,4,3,1,2,4,4,3,3,2,3#7#4#a7_s4_e4
4,4,2,2,2,2,3,3,3,3,2,2,2,2,3,3,3,2,3,3#26#7#a26_s7_e2
2,2,2,2,2,3,3,2,3,3,3,3,3,3,2,3,2,2,3,2#13#7#a13_s7_e4
2,2,4,4,2,3,2,2,2,2,3,2,2,2,3,3,3,4,4,4#13#7#a13_s7_e3
2,3,4,3,2,2,2,3,3,3,3,3,4,4,3,3,3,3,4,4#13#7#a13_s7_e2
3,3,3,3,3,3,2,3,3,3,4,4,1,2,2,3,4,4,3,3#13#7#a13_s7_e1
2,2,3,3,2,2,2,2,2,2,2,2,4,4,2,2,3,3,2,2#25#1#a25_s1_e4
2,2,2,2,3,3,4,4,3,3,2,2,2,3,3,3,2,2,3,3#26#4#a26_s4_e2
3,3,4,4,3,3,4,4,3,3,3,3,3,3,3,3,3,3,3,3#11#5#a11_s5_e3
3,3,4,4,3,3,3,3,3,3,3,2,1,2,4,3,4,3,3,3#11#5#a11_s5_e2
3,3,2,3,3,3,4,4,3,3,3,3,4,3,3,3,3,3,3,3#11#5#a11_s5_e1
3,3,4,4,3,3,4,4,3,3,3,3,2,2,3,3,3,3,3,3#11#5#a11_s5_e4
2,2,4,4,4,4,3,3,4,4,4,4,3,3,4,4,4,4,3,3#9#6#a9_s6_e4
3,3,4,4,3,3,2,3,4,4,4,4,1,2,4,4,4,4,3,3#9#6#a9_s6_e2
3,3,3,4,3,3,3,3,4,4,3,3,3,3,4,4,4,4,4,4#9#6#a9_s6_e3
2,3,4,4,3,3,3,3,4,4,4,4,4,4,4,4,3,3,4,4#9#6#a9_s6_e1
3,3,2,2,3,3,3,3,3,3,2,2,3,3,3,3,4,4,3,3#25#2#a25_s2_e4
3,3,2,2,2,2,2,2,3,3,3,3,2,2,1,1,3,3,3,3#25#2#a25_s2_e3
3,3,2,2,3,3,3,3,3,3,3,3,2,3,2,2,3,3,2,2#25#2#a25_s2_e2
3,3,3,3,2,2,3,3,3,3,3,3,2,2,2,2,3,3,3,3#25#2#a25_s2_e1
2,2,3,3,3,3,3,3,2,2,2,2,2,2,3,3,3,3,2,2#2#4#a2_s4_e3
2,2,3,3,2,3,3,3,2,2,3,3,2,2,2,3,3,2,2,2#2#4#a2_s4_e2
2,2,3,4,3,3,3,3,3,2,4,4,2,2,3,3,2,3,3,2#2#4#a2_s4_e1
3,3,4,3,3,3,3,3,3,3,3,3,3,3,3,3,3,3,4,4#19#7#a19_s7_e2
2,2,3,3,3,3,2,1,3,2,2,3,2,1,4,4,3,3,3,3#19#7#a19_s7_e4
2,2,4,4,3,2,4,4,3,3,3,3,2,2,3,3,3,3,2,1#2#4#a2_s4_e4
3,3,4,4,3,3,3,3,3,2,3,3,4,4,3,3,2,3,4,3#10#3#a10_s3_e1
3,3,4,4,2,3,4,4,3,3,2,3,3,3,2,3,2,3,3,3#10#3#a10_s3_e2
3,3,4,4,3,3,4,4,3,3,3,3,4,4,3,3,3,3,4,4#10#3#a10_s3_e3
3,3,4,4,3,3,4,4,3,3,2,3,2,2,2,3,2,3,4,4#10#3#a10_s3_e4
3,3,2,2,3,3,3,3,2,2,2,2,4,4,3,3,2,2,4,4#16#5#a16_s5_e1
2,2,2,2,2,2,3,3,2,2,2,2,3,3,3,3,3,3,3,3#25#4#a25_s4_e1
3,3,3,3,2,2,2,3,2,2,2,2,1,1,3,2,3,2,2,1#2#3#a2_s3_e4
3,3,2,2,2,2,3,3,3,3,3,3,3,3,2,2,3,3,3,3#25#4#a25_s4_e2
3,3,3,3,3,3,3,3,2,2,2,2,2,1,2,3,3,2,2,1#2#3#a2_s3_e2
3,2,3,3,3,2,3,3,2,2,2,2,2,2,3,3,3,3,2,2#2#3#a2_s3_e3
3,3,2,2,2,3,2,2,2,2,2,2,2,2,2,2,2,2,2,2#2#3#a2_s3_e1
4,4,2,2,2,2,2,2,2,2,2,2,3,3,3,3,3,3,3,4#16#5#a16_s5_e3
3,3,4,4,3,3,3,3,2,2,3,3,2,3,3,3,2,2,3,3#18#3#a18_s3_e1
3,3,2,2,4,4,3,3,3,3,3,3,2,2,3,3,2,2,3,3#16#5#a16_s5_e4
4,4,3,3,2,2,4,3,2,2,3,2,3,3,3,3,3,3,3,3#17#8#a17_s8_e1
3,3,2,2,3,3,3,3,3,3,3,3,2,2,2,2,2,1,3,3#18#6#a18_s6_e3
2,2,3,3,2,2,2,2,2,2,2,2,3,3,3,3,3,3,2,2#18#6#a18_s6_e2
3,3,2,2,3,3,3,3,2,2,3,3,4,4,2,3,3,3,3,4#14#7#a14_s7_e4
3,3,3,3,3,3,4,4,3,3,3,3,2,2,3,3,4,4,3,3#18#6#a18_s6_e4
3,3,3,3,4,4,2,2,4,4,3,2,2,2,4,4,3,2,3,3#17#3#a17_s3_e2
3,3,3,3,3,2,3,3,2,3,4,4,3,2,4,4,1,2,3,3#21#5#a21_s5_e4
3,3,3,3,3,3,4,4,3,3,3,3,3,3,4,3,3,3,3,3#21#5#a21_s5_e2
3,3,2,2,3,2,3,3,2,3,3,3,2,2,2,2,3,3,3,3#21#5#a21_s5_e3
3,3,3,3,3,3,3,3,2,3,3,3,3,3,4,4,4,4,3,3#21#5#a21_s5_e1
4,4,4,4,4,3,3,2,2,2,4,4,3,3,3,4,4,4,3,3#21#3#a21_s3_e4
2,2,2,2,2,2,2,2,3,3,2,1,2,2,4,4,2,2,3,2#26#8#a26_s8_e2
3,3,3,3,4,4,2,2,2,1,3,3,3,3,3,3,4,3,4,4#21#3#a21_s3_e1
3,3,3,3,4,3,3,2,2,2,3,3,3,3,3,3,4,4,3,3#21#3#a21_s3_e2
3,3,3,3,2,3,3,2,2,1,4,4,3,3,2,3,3,4,4,4#21#3#a21_s3_e3
2,2,3,3,1,1,3,3,3,3,3,3,3,3,2,3,4,3,4,4#27#2#a27_s2_e1
2,3,3,3,3,3,2,2,3,3,2,3,3,3,3,3,3,3,4,4#19#8#a19_s8_e2
2,3,3,3,2,3,2,2,3,3,3,3,3,3,4,4,3,3,3,3#3#1#a3_s1_e4
3,3,1,1,4,4,2,1,2,1,3,3,2,2,4,4,3,3,3,3#17#3#a17_s3_e4
3,3,3,2,3,3,2,3,3,3,3,4,3,3,4,4,3,4,3,3#3#1#a3_s1_e1
2,2,2,2,2,2,3,3,3,3,3,3,2,2,3,3,3,3,4,4#27#2#a27_s2_e3
2,3,3,3,3,3,2,2,3,3,3,4,3,3,4,4,3,4,3,3#3#1#a3_s1_e3
1,2,3,3,3,3,2,2,3,3,4,4,3,3,4,4,3,4,3,3#3#1#a3_s1_e2
3,3,4,4,2,2,4,4,3,2,3,3,3,3,3,2,3,3,3,3#17#1#a17_s1_e4
1,2,3,3,2,2,3,3,3,3,2,3,3,3,3,3,3,3,4,4#27#2#a27_s2_e2
3,2,3,3,3,4,4,4,4,4,3,3,2,3,2,2,4,4,2,3#17#1#a17_s1_e1
4,4,4,4,4,4,3,3,4,4,3,3,3,3,3,3,2,2,3,3#17#1#a17_s1_e3
4,3,3,4,3,2,3,2,3,2,3,2,3,3,3,3,4,4,3,3#17#1#a17_s1_e2
4,4,3,3,2,2,3,3,3,4,3,3,1,2,4,4,4,4,2,2#12#4#a12_s4_e3
3,3,2,2,4,4,3,3,3,3,3,3,3,3,3,3,3,3,4,4#14#4#a14_s4_e1
3,3,2,2,3,3,3,3,3,3,2,2,2,2,4,4,2,2,3,3#26#8#a26_s8_e4
4,4,3,3,3,3,4,4,3,3,4,4,4,4,4,4,3,2,3,3#14#4#a14_s4_e3
4,4,1,1,3,3,3,3,3,3,3,4,2,2,3,3,3,3,3,3#12#4#a12_s4_e2
4,4,3,3,3,3,3,3,3,2,3,4,1,1,4,4,4,4,3,3#12#4#a12_s4_e1
4,4,4,4,2,2,2,2,3,3,4,4,2,2,3,2,3,3,2,2#20#2#a20_s2_e1
3,3,3,3,3,3,4,4,2,2,3,3,3,3,2,3,4,4,3,3#18#8#a18_s8_e3
4,4,3,3,3,3,2,3,2,2,4,4,3,3,3,3,3,3,3,3#20#2#a20_s2_e2
4,4,3,3,2,2,3,3,2,2,4,4,1,1,3,2,3,3,1,2#20#2#a20_s2_e3
3,3,4,4,3,3,3,3,2,2,3,3,3,3,4,4,4,4,3,3#18#8#a18_s8_e2
3,3,2,2,3,3,2,2,2,2,2,2,3,3,2,2,2,2,4,4#18#3#a18_s3_e4
3,3,2,3,3,3,3,3,3,3,3,3,4,4,2,2,3,4,3,4#16#7#a16_s7_e3
4,4,3,3,4,4,4,4,3,2,4,4,2,2,4,4,4,4,4,4#23#3#a23_s3_e2
3,3,3,3,3,3,3,4,3,4,3,3,4,4,3,3,4,4,4,4#23#3#a23_s3_e3
3,3,3,3,1,1,4,3,4,4,4,4,3,3,4,4,3,4,3,3#23#3#a23_s3_e1
3,3,4,4,2,2,4,4,3,3,3,3,4,4,4,4,4,3,3,3#23#3#a23_s3_e4
3,3,3,3,3,3,3,3,3,3,3,3,3,3,2,2,2,2,3,3#24#4#a24_s4_e4
3,3,2,2,2,2,4,4,2,1,3,3,4,4,3,3,2,3,3,3#16#7#a16_s7_e1
3,3,3,3,3,3,2,2,3,3,3,3,3,3,2,2,2,2,2,2#24#4#a24_s4_e1
3,3,2,2,3,3,2,2,3,3,3,3,2,2,2,2,2,2,2,2#24#4#a24_s4_e2
3,3,3,3,4,4,2,2,3,3,3,3,2,2,3,3,3,3,3,3#24#4#a24_s4_e3
3,3,2,2,3,4,3,3,4,4,4,4,2,2,3,3,4,4,3,3#23#4#a23_s4_e4
4,4,3,3,3,3,3,3,4,4,3,4,3,3,3,3,4,4,3,3#23#4#a23_s4_e3
3,3,3,3,3,3,4,4,4,4,3,4,3,3,4,4,4,4,3,3#23#4#a23_s4_e2
3,3,3,2,2,2,4,4,2,2,3,3,4,4,4,4,4,4,4,4#23#4#a23_s4_e1
3,3,2,3,3,4,3,2,3,2,4,4,3,3,4,4,3,3,2,2#14#4#a14_s4_e4
3,3,3,3,4,4,3,3,3,2,2,3,2,2,4,4,3,3,3,3#4#6#a4_s6_e3
3,3,3,3,3,3,3,3,2,2,3,3,3,3,3,4,3,4,3,3#4#6#a4_s6_e2
3,3,2,2,4,4,3,3,3,3,2,3,1,2,4,4,3,2,3,3#4#6#a4_s6_e1
3,3,3,3,3,3,2,2,2,1,3,3,2,1,2,2,3,2,3,2#7#3#a7_s3_e4
3,3,3,3,3,3,3,3,2,2,3,3,2,2,2,2,3,3,3,3#7#3#a7_s3_e3
3,3,1,2,2,2,2,2,2,1,3,2,3,2,3,2,3,2,3,2#7#3#a7_s3_e2
3,3,3,3,2,2,2,2,2,1,2,2,3,3,2,3,3,3,3,3#7#3#a7_s3_e1
2,2,4,4,3,3,2,2,3,3,3,3,3,3,3,4,4,4,3,3#4#6#a4_s6_e4
3,3,3,3,2,2,3,3,4,4,3,3,3,3,3,3,4,4,3,3#20#7#a20_s7_e1
4,4,4,4,2,2,4,4,3,3,3,3,3,4,3,3,4,4,3,4#13#1#a13_s1_e1
4,3,4,4,2,2,4,3,2,3,3,2,3,3,4,4,4,4,2,3#13#1#a13_s1_e3
3,3,3,2,3,3,4,4,4,4,3,3,2,2,3,3,4,4,2,2#13#1#a13_s1_e2
2,3,4,4,2,3,3,3,3,3,3,3,2,2,3,3,4,4,3,2#13#1#a13_s1_e4
4,4,4,4,4,3,3,3,3,3,2,3,3,3,4,4,3,4,3,4#21#6#a21_s6_e4
2,3,3,2,4,4,3,3,2,2,2,2,2,2,3,4,3,2,2,2#21#6#a21_s6_e3
3,3,4,4,4,3,2,2,4,4,2,3,4,4,3,3,4,4,3,3#21#6#a21_s6_e2
4,4,3,3,4,4,3,2,3,3,2,3,2,2,3,3,3,3,2,2#21#6#a21_s6_e1
3,3,4,4,3,3,2,3,3,3,4,4,2,2,3,2,4,4,4,4#14#4#a14_s4_e2
2,2,2,3,3,3,2,2,3,2,2,2,2,2,2,3,3,3,2,2#8#2#a8_s2_e3
3,3,2,3,3,3,2,2,4,3,3,2,2,2,2,2,2,2,2,2#8#2#a8_s2_e2
2,2,3,3,3,3,2,2,4,3,2,2,2,2,1,2,3,3,1,2#8#2#a8_s2_e1
3,3,3,3,3,3,3,3,4,3,3,3,2,2,2,3,3,3,2,2#8#2#a8_s2_e4
2,3,4,4,4,4,2,1,3,3,2,3,3,3,4,4,4,3,3,3#17#5#a17_s5_e1
2,3,3,3,2,3,3,3,4,4,2,3,4,4,3,3,4,4,3,3#23#2#a23_s2_e2
3,3,4,3,3,3,3,3,3,3,3,3,3,3,3,3,4,4,3,3#14#7#a14_s7_e1
3,3,3,3,3,3,3,2,3,3,3,3,4,4,3,3,3,3,1,1#24#3#a24_s3_e1
4,3,3,4,4,4,4,4,2,1,4,3,3,3,4,4,4,3,3,2#3#4#a3_s4_e4
3,3,4,4,3,3,4,4,3,3,3,3,3,3,3,3,2,3,3,3#14#7#a14_s7_e3
2,2,4,4,2,2,4,4,2,2,3,3,2,2,3,3,4,4,2,1#13#5#a13_s5_e1
4,4,4,4,3,3,4,4,3,3,4,4,2,2,4,4,4,4,3,3#3#4#a3_s4_e3
3,3,2,3,3,3,3,3,3,2,2,2,4,4,2,3,2,2,3,2#26#3#a26_s3_e4
3,3,4,4,3,3,2,2,4,4,3,3,3,3,2,2,4,4,3,3#25#5#a25_s5_e3
3,3,2,3,4,4,3,4,4,4,4,4,4,4,3,3,4,3,4,4#23#7#a23_s7_e2
3,3,3,4,4,4,4,4,3,3,3,3,3,3,4,3,4,4,3,3#13#5#a13_s5_e2
3,3,4,4,3,3,4,4,3,3,4,4,3,2,4,4,4,3,3,3#20#7#a20_s7_e3
4,4,3,3,2,2,3,3,3,3,4,4,2,3,3,3,3,3,3,3#23#7#a23_s7_e1
2,3,2,2,3,3,3,3,3,3,4,4,2,2,4,4,4,4,3,3#27#4#a27_s4_e3
3,3,4,4,2,2,3,3,2,2,4,4,2,2,3,3,4,4,3,3#27#4#a27_s4_e2
2,2,3,3,2,3,3,2,3,2,3,3,2,2,4,4,4,3,3,3#27#4#a27_s4_e1
1,2,3,3,3,3,4,4,3,3,3,3,2,1,3,3,4,4,3,3#27#4#a27_s4_e4
1,2,1,2,2,2,2,2,2,1,2,2,3,2,2,2,3,3,3,3#5#6#a5_s6_e2
4,4,2,3,1,2,2,1,2,2,1,2,3,3,2,2,3,3,3,2#5#6#a5_s6_e3
1,1,2,3,2,3,3,3,3,4,2,2,1,2,4,4,3,2,2,2#14#2#a14_s2_e1
3,3,3,3,2,2,2,2,3,2,3,3,1,1,3,3,4,4,3,3#5#6#a5_s6_e1
2,2,2,3,3,3,2,2,4,4,3,3,2,2,3,3,3,3,3,2#5#6#a5_s6_e4
2,2,3,3,3,2,4,4,4,4,2,2,3,3,3,3,3,2,3,3#14#2#a14_s2_e4
4,3,3,3,3,3,3,3,2,3,4,4,1,1,4,4,3,3,4,4#1#7#a1_s7_e1
4,4,2,3,2,1,3,2,2,1,4,4,4,3,4,4,3,3,4,4#1#7#a1_s7_e3
3,3,2,3,2,2,3,2,3,3,4,4,3,3,4,4,4,4,4,4#1#7#a1_s7_e2
4,4,2,3,3,3,3,2,2,1,4,4,3,2,4,4,4,4,4,4#1#7#a1_s7_e4
3,3,3,3,3,3,3,2,3,3,2,2,2,2,3,3,3,3,3,3#25#6#a25_s6_e3
2,3,3,3,3,3,3,3,2,2,3,4,2,2,3,4,3,2,4,3#14#5#a14_s5_e2
3,3,2,2,2,2,3,3,2,2,2,2,2,2,2,2,3,3,2,2#25#6#a25_s6_e1
2,2,2,1,3,3,3,3,3,3,1,1,2,2,1,2,2,3,3,3#26#2#a26_s2_e3
3,3,2,2,4,4,2,2,3,3,4,4,3,3,3,3,3,3,3,3#14#5#a14_s5_e3
3,3,3,3,4,3,2,3,3,3,4,4,2,2,3,3,3,3,2,2#20#2#a20_s2_e4
3,3,2,3,2,2,4,3,3,3,4,4,4,4,4,4,3,2,4,4#14#5#a14_s5_e1
3,4,1,2,2,2,2,2,4,3,3,4,3,3,4,4,3,3,3,3#15#3#a15_s3_e1
3,3,3,3,4,4,2,2,4,4,4,4,3,2,4,3,4,4,3,2#15#3#a15_s3_e3
3,4,3,3,2,3,2,2,4,3,3,4,4,3,3,4,2,3,3,3#15#3#a15_s3_e2
3,3,1,1,3,3,3,4,4,3,2,2,3,3,4,4,3,3,3,3#15#3#a15_s3_e4
3,3,4,4,2,2,3,4,3,3,3,3,3,3,3,3,4,4,3,2#22#3#a22_s3_e4
1,1,3,3,3,3,3,3,3,3,3,3,2,2,3,3,4,3,1,1#22#3#a22_s3_e3
2,2,4,4,3,3,4,4,3,3,3,3,3,3,4,4,4,4,3,3#22#3#a22_s3_e2
3,3,4,4,3,3,4,4,4,4,4,4,3,2,2,2,4,4,3,3#22#3#a22_s3_e1
2,2,2,3,4,4,4,4,3,3,3,3,3,3,4,4,3,2,4,4#14#3#a14_s3_e1
2,3,3,2,4,4,3,3,2,3,4,4,3,2,3,3,3,3,3,3#21#8#a21_s8_e1
3,3,3,3,4,4,3,3,2,3,4,4,3,3,4,3,3,3,3,3#21#8#a21_s8_e3
2,3,3,3,4,4,2,2,2,3,3,3,3,3,4,4,3,3,3,3#21#8#a21_s8_e2
2,2,2,2,4,4,3,3,3,3,3,3,4,4,4,4,1,2,4,4#14#3#a14_s3_e2
3,3,3,3,3,3,3,3,3,3,3,2,2,2,3,3,4,4,3,3#14#3#a14_s3_e3
2,2,2,2,3,3,2,2,2,3,3,3,3,3,3,2,3,3,3,3#17#7#a17_s7_e4
3,3,3,3,3,3,3,3,3,3,3,3,3,3,4,4,4,4,4,4#6#6#a6_s6_e1
2,2,2,2,2,2,2,2,3,3,4,4,3,2,2,3,2,3,4,3#12#2#a12_s2_e4
3,3,1,2,3,3,3,3,3,3,3,3,3,3,3,4,4,3,4,4#6#6#a6_s6_e3
3,3,3,3,4,4,3,3,3,3,3,3,4,4,4,4,3,3,4,4#6#6#a6_s6_e2
3,3,2,2,3,3,3,3,1,2,3,3,2,2,3,3,2,2,2,2#12#2#a12_s2_e1
2,3,2,2,4,4,2,3,3,2,2,3,3,2,4,4,4,4,3,3#6#6#a6_s6_e4
3,3,3,3,4,3,2,2,3,3,4,3,2,1,4,4,3,3,2,2#12#2#a12_s2_e3
3,3,2,2,3,3,2,2,3,3,4,4,2,2,3,3,3,3,2,2#12#2#a12_s2_e2
4,4,3,3,3,3,2,2,3,2,3,3,1,2,3,3,3,3,1,2#11#8#a11_s8_e1
3,3,3,3,2,3,2,2,3,2,3,3,2,2,2,3,2,3,3,3#11#8#a11_s8_e2
3,3,2,3,3,3,4,3,3,2,3,3,3,2,4,4,3,3,3,3#11#8#a11_s8_e3
3,3,3,3,3,3,4,3,3,3,4,3,3,3,3,3,4,3,3,2#11#8#a11_s8_e4
3,3,4,4,3,3,4,4,4,4,3,3,3,3,4,4,3,3,3,2#9#4#a9_s4_e4
3,3,2,2,2,2,2,3,3,3,2,1,2,2,3,3,2,2,3,3#26#8#a26_s8_e3
4,4,2,2,3,3,3,3,3,4,2,2,2,2,4,4,2,2,3,3#26#8#a26_s8_e1
4,4,4,3,3,3,2,2,3,3,3,3,4,4,3,4,3,3,3,3#9#4#a9_s4_e1
3,3,4,4,2,3,4,4,4,4,3,3,3,3,4,4,3,3,3,3#9#4#a9_s4_e2
4,4,4,3,3,3,4,4,3,3,3,3,3,2,3,4,3,3,3,3#9#4#a9_s4_e3
4,4,3,3,3,3,2,3,3,3,3,3,2,2,2,3,3,3,2,3#27#6#a27_s6_e4
3,3,4,4,3,3,4,4,3,3,4,4,4,3,4,4,4,4,3,3#4#4#a4_s4_e4
2,3,4,4,3,3,4,4,3,3,4,4,4,4,4,4,4,4,3,3#4#4#a4_s4_e1
4,3,3,3,3,3,3,3,3,3,4,3,3,2,4,3,3,3,3,3#4#4#a4_s4_e3
4,4,4,4,4,4,2,2,4,4,4,4,3,3,4,4,4,4,3,3#4#4#a4_s4_e2
3,3,1,1,2,2,1,2,2,2,3,2,2,2,3,2,3,3,3,2#5#3#a5_s3_e1
3,3,3,3,4,4,4,3,3,3,3,3,3,2,4,4,3,4,3,2#13#5#a13_s5_e4
3,3,3,3,3,3,2,2,2,2,3,2,3,2,3,2,3,2,3,2#5#3#a5_s3_e3
2,2,3,3,3,3,1,1,2,2,3,2,3,3,3,3,3,3,3,3#5#3#a5_s3_e2
3,4,4,4,3,3,4,4,3,3,4,4,3,3,4,4,4,4,3,3#3#4#a3_s4_e2
2,2,2,2,3,3,2,2,2,1,3,2,3,2,3,2,3,3,3,3#5#3#a5_s3_e4
2,3,3,3,2,2,3,4,3,2,2,3,3,3,3,3,4,4,3,3#13#5#a13_s5_e3
4,4,4,4,3,3,4,4,3,3,4,3,4,3,4,3,4,4,3,3#3#4#a3_s4_e1
4,3,2,3,3,3,3,3,3,3,4,3,3,4,4,3,3,2,3,4#1#4#a1_s4_e4
3,3,2,2,2,2,3,3,3,3,3,3,3,3,2,3,4,4,3,3#13#8#a13_s8_e1
4,4,3,3,4,4,3,3,4,4,4,4,3,3,4,4,3,3,3,2#1#4#a1_s4_e1
4,3,2,3,3,2,3,2,3,4,4,3,3,3,4,3,3,2,3,4#1#4#a1_s4_e2
4,4,2,2,4,3,3,2,3,3,4,4,3,3,4,4,4,4,4,4#1#4#a1_s4_e3
1,2,3,3,3,3,4,3,3,3,4,4,2,2,4,4,4,4,3,3#3#2#a3_s2_e1
1,2,3,3,3,3,4,3,3,3,3,3,3,2,4,3,2,3,3,3#3#2#a3_s2_e2
2,3,3,3,3,3,4,4,3,3,3,3,2,2,4,4,2,3,4,4#3#2#a3_s2_e3
4,4,4,4,2,3,4,4,3,3,2,3,2,2,2,3,3,3,3,3#3#2#a3_s2_e4
3,3,3,2,2,2,2,3,3,3,3,3,3,2,4,4,4,4,3,2#16#8#a16_s8_e1